0	3.6771460123967405
1	3.6733869944805027
2	3.3381078573434935
3	3.6483372802586223
4	2.8786997168230704
5	2.7509321995626537
6	3.1882232077669066
7	2.493099160989683
8	3.448910739330953
9	2.6745471306258795
10	3.7161203399056286
11	2.0130844557573133
12	3.6696694538394987
13	1.973952915134064
14	3.2876894500241574
15	3.3189441587409756
16	3.0963017629416036
17	3.6612643278138304
18	2.7566050571073917
19	2.2868321881975535
20	3.85785089662752
21	2.2868321881975535
22	1.7645033944067838
23	3.512435359513081
24	2.890845750457106
25	4.083621340339003
26	3.307701758443831
27	3.533707830316142
28	3.265980816733896
29	2.2669720276008807
30	3.725910743725743
31	3.725141930251201
32	2.8897392212443123
33	3.7002981257526666
34	4.084736952160121
35	4.084736952160121
36	3.1551952658797986
37	3.04507857172921
38	2.7794427462484133
39	2.282898627846043
40	3.265980816733896
41	3.2418640860084773
42	4.0017537255284354
43	2.046681686866629
44	2.051147970095167
45	1.1428969590156142
46	2.2873757399451424
47	3.0966973437865657
48	3.4562547829653285
49	1.9549286165774862
50	3.823329449194104
51	3.024883176311241
52	2.678749217387255
53	3.683636437752977
54	3.2572055026336173
55	2.3118628941975583
56	1.5183166448987153
57	3.6653944441730433
58	3.6918153473024122
59	3.430229896077023
60	3.846319343740382
61	2.9901516667648504
62	2.9681365604448877
63	3.126976274979512
64	3.965936977246129
65	2.3477119743415598
66	3.2577706646541786
67	2.8358514128064085
68	2.1599116610604865
69	2.1599116610604865
70	2.4351418275296393
71	1.814998150979886
72	1.814998150979886
73	3.511130028017605
74	1.1792094569136302
75	2.954861434875148
76	2.575311876198829
77	3.0281238778120665
78	1.675378026897453
79	3.7005082327768286
80	2.417606280399117
81	3.2443367641121204
82	3.8152245834276926
83	2.464612592062301
84	2.576121543032337
85	3.1474889024988233
86	2.614149120690519
87	3.6989444903047883
88	2.2140239820363465
89	3.32126659034472
90	2.7284070302892065
91	2.382854858466852
92	2.407255034780745
93	3.111444200987404
94	1.5402838223972448
95	3.486735284412854
96	2.93614169692697
97	2.0021362248736594
98	2.4319295635390072
99	3.6991363075359462
100	2.3809525381224015
101	2.93290748125032
102	1.9403031948669178
103	2.5957442320768584
104	3.145045245759117
105	1.9908543168291781
106	2.156996883111457
107	1.3905823345725659
108	3.9324200807662923
109	2.8467988649995424
110	2.4982485317603276
111	2.2947850963198735
112	2.4929638220195125
113	3.9324200807662923
114	2.905734474279178
115	3.1083923416651134
116	2.3483580865526577
117	2.4706253664657085
118	2.8575412884044673
119	2.230155008875647
120	1.790800363291933
121	3.5925506561584495
122	2.953475821861842
123	3.2353346556426574
124	2.3809525381224015
125	3.6858885260320258
126	2.487688901682156
127	2.491020220574438
128	2.491020220574438
129	1.656078007773229
130	2.4852456318427127
131	2.729683048073641
132	1.995979674927124
133	2.8025313055488628
134	3.0776285701352992
135	2.8234387719314062
136	2.60824480639948
137	3.451115962539278
138	2.5633947935020673
139	2.952045741849248
140	3.3642270061020922
141	3.7046906377753808
142	1.8623493145432657
143	2.8517521688445084
144	3.4983188687387137
145	2.0691459727018113
146	3.0898632867777893
147	2.844520235861875
148	2.6769776025844783
149	2.487688901682156
150	2.3563243545342774
151	2.755173014635211
152	2.755173014635211
153	2.938006101239552
154	2.673352819149246
155	2.961375066798508
156	2.4445979491943373
157	3.3157776098752523
158	3.258429351816499
159	3.8416300377693693
160	2.4125879673670556
161	2.9325804258697836
162	2.8993377598710124
163	2.374311399104951
164	2.374311399104951
165	3.012721877613515
166	3.6194019609972137
167	2.8203774652884968
168	2.0233487272920985
169	3.316226622564565
170	3.9690630534467015
171	2.825055007864345
172	3.0700906518624915
173	1.7781887119728685
174	1.9460562844346527
175	3.0239159202254453
176	2.9309124175377503
177	2.9172495296185597
178	3.0223796110441876
179	2.393569569207409
180	1.9460562844346527
181	3.812923687846223
182	3.090812291363164
183	2.6684510902114673
184	2.6684510902114673
185	1.6583425143487076
186	1.8105035315398064
187	2.657431892653599
188	2.8982770140633667
189	2.657431892653599
190	1.9660333052127594
191	3.609502432837548
192	2.9903601385649807
193	2.997241845676897
194	2.7831686331655727
195	2.6777360120806026
196	2.5221382664625773
197	3.1073380701321907
198	3.8340132287435873
199	2.771995118352023
200	3.706244651242885
201	2.5096249144625675
202	2.871563411787108
203	1.736355493038996
204	2.841613263491327
205	2.410794454967797
206	3.484767307495416
207	3.283116590545041
208	2.410794454967797
209	2.5916390684366784
210	2.787134082400768
211	3.2472995027245326
212	2.8982770140633667
213	2.884492229027991
214	2.884492229027991
215	3.4302902884692705
216	2.846825478156113
217	2.6107653275160385
218	2.961375066798508
219	3.810992473892659
220	2.7582250845045637
221	3.2998972192268012
222	2.7582250845045637
223	3.810992473892659
224	2.7582250845045637
225	3.810992473892659
226	2.7834896157091733
227	3.1051285624314904
228	3.2267716786979923
229	3.1051285624314904
230	2.8691413262555487
231	2.780664415836377
232	3.531368446872403
233	2.7928498062482503
234	1.9958530539193735
235	2.19430936731785
236	2.7928498062482503
237	3.2503539764428684
238	2.5342353366146795
239	2.520714417615694
240	2.5669997012880015
241	2.4747526393058075
242	2.727248750492333
243	2.988400278516927
244	2.988400278516927
245	3.08995141231837
246	2.4013532145079974
247	2.3017340053733495
248	3.2535508537241458
249	1.7773695846628241
250	2.7939625792022604
251	2.1952946318231517
252	3.511641739604925
253	2.7939625792022604
254	2.9647802573018835
255	2.960685214969085
256	2.870434968080774
257	3.4302902884692705
258	2.1626900686495674
259	1.9830100246462454
260	3.391742206819103
261	3.371574883997075
262	3.371574883997075
263	3.1762485557336664
264	2.7939625792022604
265	2.340132278872071
266	3.1832340944707496
267	3.165775235185532
268	2.7939625792022604
269	2.4676128731584095
270	4.056134817540047
271	3.4565373167557443
272	2.5780087747831413
273	2.1408701695156114
274	2.8598334037210162
275	2.6362829156143905
276	2.304982481313985
277	2.607376097622603
278	2.421776592957215
279	2.421776592957215
280	2.784947685206941
281	2.8568390455459953
282	2.829460392495949
283	2.2037832514637
284	2.9644615533987526
285	2.827247799265118
286	2.863508622308384
287	2.8106457737877806
288	1.5645754875828146
289	2.850098331864806
290	2.688161347338668
291	3.929686598562428
292	3.1381862465348904
293	2.287010530122255
294	1.932217675874434
295	2.771995118352023
296	2.8113345539571197
297	1.919923044592333
298	2.4918236174373423
299	2.943920168337546
300	2.502116444428676
301	2.4795055574741824
302	3.354856129909715
303	1.1524572090655052
304	3.0420020373217582
305	3.877467457661621
306	3.238334467212057
307	3.0830868861392915
308	3.401002382520688
309	1.7499216674477167
310	2.0362533025030425
311	3.2518648317112855
312	2.4335104145613737
313	1.5396328862519972
314	3.206897336825256
315	3.088697153591093
316	3.338623254477045
317	2.253417884409098
318	2.7110895132352626
319	1.7752769796608299
320	2.4335104145613737
321	2.3136877743143995
322	2.1212317412762998
323	2.6932690285198517
324	2.1212317412762998
325	3.3167880328850825
326	2.7663559809783065
327	2.850098331864806
328	2.850098331864806
329	2.99443771390278
330	2.064069665548398
331	2.725541368305545
332	2.1212317412762998
333	2.28248229082887
334	1.7850214277572132
335	2.6845945619021716
336	2.7749085276405077
337	2.694719321086557
338	3.3012474300355095
339	2.8982770140633667
340	2.8982770140633667
341	3.1103735944315654
342	1.7384505099876986
343	3.5887877259800076
344	2.6306024104657317
345	2.849721969513047
346	2.3136877743143995
347	2.6754101951995595
348	3.1913286467781905
349	2.801133057923944
350	3.1103735944315654
351	3.2367718669740984
352	3.090183771916788
353	3.135184931295399
354	3.1648479252916935
355	2.789744159412745
356	3.014227962192929
357	1.9631812846451642
358	3.0471575091878917
359	1.7969496760140322
360	1.7969496760140322
361	2.2934377761573885
362	1.7969496760140322
363	2.090189312457469
364	3.2615463169842123
365	2.6798450817035513
366	2.417298888825778
367	2.6798450817035513
368	1.325819689767089
369	2.2478622010467677
370	2.273289420247513
371	1.801012825537482
372	2.4863928045181343
373	3.3067410441022975
374	2.046903373133415
375	2.9746453540302475
376	2.4539555339670693
377	1.8133614108407499
378	2.379495487004983
379	1.8133614108407499
380	3.0008201052877017
381	3.5527527570661595
382	1.3148762470545285
383	2.0368063970933825
384	1.3148762470545285
385	2.6845945619021716
386	1.8133614108407499
387	2.410794454967797
388	2.705805738837718
389	2.410794454967797
390	2.952547224187539
391	2.6093775147089873
392	3.1315025844445246
393	3.1763677773271914
394	2.705805738837718
395	2.084944867610906
396	2.4911675178256343
397	3.3872673516098124
398	2.3136877743143995
399	3.015112318996188
400	3.327955961485332
401	2.7302725471222105
402	1.993010285140129
403	2.852919715250731
404	1.993010285140129
405	2.867274915685187
406	2.2726462867368546
407	3.4893277219604846
408	1.993010285140129
409	2.413066150830849
410	2.282793269043764
411	3.1216707268063435
412	2.326706238152731
413	4.042507883004349
414	2.702299421668714
415	2.060931132883861
416	1.8284563451960163
417	1.9178512224732043
418	3.6455026747602908
419	2.746203918391757
420	3.1006253352273254
421	2.247385762481607
422	3.107864252010053
423	2.5364441175395918
424	3.1096470338120636
425	3.1114410032240722
426	2.4558906555362845
427	3.4061353207224787
428	2.4558906555362845
429	2.936058431166929
430	2.774211622447973
431	3.0700906518624915
432	3.2068662215055332
433	3.2068662215055332
434	1.9692942208885096
435	2.9420584366594684
436	3.3326998623101987
437	2.810360096589052
438	2.6916127341040283
439	2.0362533025030425
440	3.251591562633226
441	2.9420584366594684
442	2.7206409876468256
443	1.9194491563018006
444	3.4686679311003727
445	2.124829293747946
446	3.432435897111528
447	3.4061353207224787
448	3.1494664461241055
449	3.076690423883677
450	2.4561588842600517
451	2.584389143923442
452	2.6097556050683695
453	3.2068662215055332
454	3.7034931166751743
455	3.17424907910732
456	2.9130915332591356
457	3.173029262601476
458	3.173029262601476
459	2.2049565540173433
460	3.135572715993417
461	2.3637695006792163
462	2.6291156446770794
463	2.4788226159092415
464	2.90423557580724
465	2.7582250845045637
466	3.685902149559907
467	2.799378797274586
468	2.082181282030428
469	3.019021920151373
470	3.1639506980867695
471	2.174301634047359
472	2.5301791786706214
473	2.8784397360322678
474	1.5403634133729485
475	1.932577567441779
476	3.069627162515056
477	3.2520039851234372
478	2.7759396863602697
479	2.5990596540078954
480	2.758402854487214
481	3.466275981814765
482	2.5272327691896352
483	3.2710207816378842
484	2.161510778894817
485	2.161510778894817
486	3.304643690341507
487	3.026075747228336
488	2.3829032159105994
489	3.592783037790697
490	1.3859015147747347
491	2.473689624725309
492	3.2572055026336173
493	3.2710207816378842
494	2.8583147878104116
495	2.8583147878104116
496	2.9989421642232235
497	3.2587841091616516
498	2.550020502062162
499	3.5629569686580314
500	2.9564964686949975
501	2.6670528137135325
502	2.2455502997719656
503	3.410247777853084
504	2.5830630656225404
505	2.482468544932941
506	2.920859243729882
507	3.0809826343814963
508	3.5721856014575932
509	3.0775949373746454
510	2.361952146330069
511	3.8124868772923417
512	1.8199430425886272
513	2.512933434216597
514	3.347813948448739
515	1.936512960498165
516	2.590917302796919
517	2.8402873590706106
518	2.9633292504619884
519	3.015969349254073
520	2.0829534431902
521	2.843290107435563
522	1.4228745912919094
523	2.8910841287616
524	2.352140575338875
525	3.6972745595771994
526	3.320722259592756
527	2.8453615923955433
528	2.289215764553351
529	2.978411784892584
530	1.6877328769384903
531	3.449222880155117
532	2.981272732327607
533	2.421957991478878
534	2.523787706551035
535	3.6175261887708494
536	3.7535389789382987
537	3.7535389789382987
538	2.5703136887152103
539	2.82059266668518
540	3.082837847641617
541	3.010286362874271
542	3.010286362874271
543	2.5603104757339716
544	2.6457752068207987
545	2.2869103330553116
546	2.537449659948503
547	2.0952414544780678
548	2.10312494406338
549	2.400364833790986
550	2.076281898436637
551	2.8169442111729053
552	3.137044610197854
553	3.280314850427753
554	2.909048443606041
555	2.0728598627630115
556	2.913001517316142
557	2.4850243941374335
558	2.646626620360081
559	3.152383727567575
560	2.703122887322834
561	2.196431685425091
562	3.2872998664064528
563	2.8167969619557587
564	2.9063988200134157
565	2.9008549840214237
566	3.047450554922618
567	2.668801394161225
568	2.9223688614507903
569	2.5110272834367997
570	1.9403031948669178
571	2.548379587259277
572	2.684533790280451
573	2.9780429880343653
574	2.120563305652432
575	3.099463070315972
576	1.8132318662042095
577	2.5828791345930884
578	2.624622629677968
579	1.8969121693813642
580	2.8519460299055033
581	2.707671866389764
582	3.0616412018246795
583	2.7043499954916332
584	2.6032893387833007
585	2.280592807761516
586	2.378268521086026
587	2.30264597330184
588	1.8463432416553596
589	3.0532101400646545
590	3.929977348765786
591	1.8463432416553596
592	3.929977348765786
593	2.538437090773272
594	2.527960325944309
595	2.5956373000372053
596	2.1204816581755668
597	2.6992708252223037
598	2.5232068357058726
599	2.8808777167801916
600	3.2695469089701175
601	2.8213941385336003
602	3.1083266967316274
603	2.2223714963968493
604	2.7573545871350684
605	2.674413460286911
606	2.507012383442916
607	3.9831239240286567
608	2.701021717737487
609	2.5426622626237023
610	3.10144463216293
611	2.507012383442916
612	2.501906617642806
613	2.3154468970292026
614	2.507012383442916
615	2.194441589986894
616	3.117363923574456
617	2.413134567297957
618	2.999578999776987
619	2.1239959705230023
620	2.5040735671610466
621	1.9260598820103514
622	2.4214716329040002
623	2.369989953313955
624	2.642790294572001
625	2.1673756749143895
626	2.650375283169715
627	3.3411074210413045
628	2.6620759283538225
629	2.5453717857913407
630	2.3340587191069395
631	2.8113397519047627
632	2.7763322010190237
633	3.0389235883858867
634	3.4167550199249463
635	2.780584811287853
636	3.0292735580071817
637	2.3408298317161833
638	2.3150309346408147
639	1.7081726808064126
640	2.5559432495466363
641	1.9763551041779692
642	2.522398580860863
643	2.772657619172358
644	2.232009537634682
645	2.232009537634682
646	2.5559432495466363
647	2.657004175504078
648	1.7857256866557187
649	2.487323866041188
650	1.7829953579182802
651	1.9367378666724393
652	2.4944180539593135
653	2.4944180539593135
654	1.8779921855335417
655	1.8779921855335417
656	3.1254345187402968
657	2.6753140398663717
658	2.683085318325149
659	1.4845223019811926
660	2.1493260014380633
661	2.6997339376541767
662	1.7081726808064126
663	3.690712960857731
664	2.415994977189228
665	2.1801325446886133
666	2.4679099591028413
667	2.7818985446676354
668	1.7081726808064126
669	1.7081726808064126
670	3.061869026125106
671	2.495250666505893
672	2.652036133748823
673	3.1206491095290234
674	3.1016760264248875
675	3.1664969406412906
676	2.966485911282998
677	3.187735161767452
678	2.384134706020493
679	2.569436870838286
680	1.675378026897453
681	3.1734097698649135
682	2.7655048656577335
683	2.744325791849902
684	2.9696696443889494
685	2.9796816726277515
686	2.4485009628003964
687	2.093818452729977
688	2.520815771694541
689	2.3340587191069395
690	2.4867537056170264
691	2.303747806218034
692	2.1493260014380633
693	2.519719997571615
694	2.4818991345867962
695	2.3037008137853556
696	2.888886840930247
697	1.7976545730877413
698	2.7704432783708004
699	2.2363036880909766
700	2.2363036880909766
701	2.940919052975331
702	2.5379498755025334
703	3.320499892266783
704	2.945307139947396
705	2.883674141917048
706	2.883674141917048
707	2.5019837954121744
708	2.25918716025515
709	1.5068368750236418
710	1.8685368919928655
711	2.752618784156832
712	1.8468938468857106
713	2.607376097622603
714	2.998963030782122
715	2.3111062320926457
716	2.3111062320926457
717	2.1801325446886133
718	3.2327465296947633
719	3.6901987179003903
720	3.0121959154353672
721	2.683085318325149
722	2.451407253540337
723	2.6969169793247865
724	1.9984825572134206
725	3.0529346991026007
726	3.0029848058747346
727	3.215822218121202
728	2.410932649597754
729	2.5874626500512163
730	1.998047871070995
731	2.103018151728313
732	2.7207697854195683
733	2.43324334412693
734	3.154722246511581
735	3.185909854736072
736	2.723701367818334
737	3.020731739913943
738	2.974890976766841
739	3.8057213054379933
740	2.735691754233347
741	3.029699506608472
742	2.8643171317793445
743	2.9122884138333025
744	2.723701367818334
745	2.723701367818334
746	2.29280286882978
747	2.266863929511998
748	2.4947688474303176
749	4.194108046119095
750	1.7502167609530903
751	2.482595555949365
752	2.8646452363764325
753	2.74268472966119
754	3.3846020624645083
755	2.957386687274194
756	2.671055392362439
757	3.147941729457812
758	2.3998886446469587
759	2.283997579091253
760	2.931564642946104
761	2.5399401183541817
762	2.483715924917149
763	3.7731557570453775
764	2.4652235140939593
765	3.3012133089904605
766	2.922911605880051
767	2.608161833508945
768	2.8912297618791634
769	3.0614502394267977
770	3.8123018852404207
771	3.134439787646063
772	2.483715924917149
773	1.9763551041779692
774	2.291622389037712
775	1.7795015072576195
776	2.3748082618673574
777	1.7614174985388318
778	2.326910037047897
779	3.0775261429156684
780	3.02957359515923
781	2.9685366229851846
782	1.7570659672070643
783	1.9763551041779692
784	2.155400187937105
785	2.886709711338845
786	2.392912341334692
787	3.2457324369010134
788	3.125271098993635
789	1.9656267177470161
790	2.2592379557916433
791	1.8063578999774974
792	1.9232212869261058
793	3.152749122697929
794	2.5514523656124597
795	3.177080893492518
796	2.118539032354024
797	2.2741793957902177
798	2.7846320773409228
799	2.6668033224813446
800	2.118539032354024
801	2.5222226355097734
802	2.118539032354024
803	3.1821262575725036
804	2.326910037047897
805	2.772657619172358
806	2.4876532808855254
807	2.906113452231187
808	2.5462530716222793
809	2.6980290685137933
810	1.1617605175583083
811	2.0885708282853535
812	2.0387898094478993
813	3.0786165496882396
814	2.908300777154081
815	1.8951860756447012
816	2.919702310427251
817	1.5651574643167316
818	2.2700789711939175
819	1.830197385524868
820	2.5462530716222793
821	1.9735390142474438
822	1.9735390142474438
823	3.0581081849691443
824	2.2104370158596067
825	2.4944849275743954
826	2.3375098191653456
827	2.6956839023563797
828	3.556719316926946
829	2.77704889771476
830	2.77704889771476
831	2.0627354148985946
832	2.6662812405423093
833	1.9087930283825973
834	3.26736840100336
835	2.2104093902610424
836	2.8368084393904365
837	2.905358728176417
838	3.1166879001408034
839	2.356882232805715
840	2.156819649035732
841	2.2700789711939175
842	2.0807324215159926
843	2.2700789711939175
844	3.0303278387182067
845	1.9763551041779692
846	2.326910037047897
847	1.8066170513071416
848	2.7401243337138186
849	2.181296661346491
850	2.181296661346491
851	3.5737104103582213
852	2.5534976494748567
853	2.8308449800234805
854	2.318884006660739
855	3.003819123738288
856	2.5070124626992434
857	1.8862486113840236
858	2.4786699853491636
859	3.081859086695687
860	3.380340174051126
861	2.9298024827209463
862	2.051062061834315
863	2.288016251503697
864	2.8510524271540993
865	2.6288961032854448
866	2.6685293058314223
867	2.4462048156467406
868	2.629299876729718
869	2.5420508706699656
870	3.1775464372949167
871	3.3932701793397895
872	3.2883331618273606
873	2.6985626390153916
874	3.0281869781347988
875	2.8218744370514757
876	1.889822365046136
877	2.8218744370514757
878	3.0281869781347988
879	1.3148762470545285
880	2.7865572372924206
881	2.3420450779085717
882	2.1542540323847925
883	2.444181688155484
884	3.192971630342823
885	2.1613946251002716
886	2.5924010525486083
887	2.485145961336144
888	2.3390872834825074
889	3.242573357656488
890	3.4585248608532475
891	2.574414184408204
892	2.278396450770482
893	3.328867247725597
894	1.5713036927966801
895	2.7233464035682227
896	2.326910037047897
897	2.3527895441810314
898	2.8064429228389636
899	2.878776898084327
900	2.8823087986647073
901	3.3048699851952574
902	2.404094442110434
903	3.2037322487049478
904	1.7917557721349846
905	3.136767258896261
906	2.2949025671744083
907	2.4970029426283364
908	2.9767305464394895
909	2.929654652112168
910	3.1444593275327475
911	2.837196690315674
912	2.324044592471555
913	3.7115498383765635
914	2.251588673544769
915	3.0982903760801883
916	2.945673771725637
917	2.489856944640637
918	3.126113342762185
919	1.9941563461343985
920	3.358056988187582
921	1.798172544612246
922	2.4970029426283364
923	3.1071699748499313
924	2.3232730305049842
925	2.945673771725637
926	2.5548816610197824
927	2.9965917634863093
928	2.4970029426283364
929	3.3883509291530145
930	2.1097797483066465
931	2.1097797483066465
932	2.945673771725637
933	2.275818836668158
934	3.238081347238273
935	1.612415076578761
936	2.945673771725637
937	2.7966492499260656
938	3.250157182844993
939	2.206884033670757
940	2.8300339829991783
941	1.1387563091821933
942	1.9552250209543702
943	2.3532560375264633
944	3.3309441505907684
945	1.918291887392468
946	3.0746475194647527
947	3.2237057628236774
948	3.3267492611993275
949	2.2742955615827936
950	2.5791315283492104
951	2.987753098870935
952	2.867388834920061
953	2.8266150609829013
954	3.2367514983025285
955	2.3077333055594393
956	2.997426593844877
957	2.460212085870599
958	2.323426300299153
959	2.9922298702880306
960	3.2214713731247784
961	2.7763616131190862
962	2.5954742264596113
963	2.7872370826508517
964	2.4523998361313692
965	1.8297725716958135
966	2.2935937568223075
967	2.247350908677281
968	2.9922298702880306
969	2.825679493660123
970	2.5728810075263246
971	3.3893694200418722
972	2.555925415077161
973	2.7370062008876523
974	2.3224724765635325
975	2.8268239263929544
976	2.3224724765635325
977	2.9916865492111646
978	3.038480885203722
979	2.646972066258748
980	3.1470257122647896
981	2.8899659734657486
982	3.2691587733582845
983	2.9012862980866934
984	3.1123841874063034
985	3.179267229717936
986	2.3849089153612226
987	2.3990265490975076
988	2.862868859928324
989	2.958696227992323
990	2.853647040574816
991	3.1993145892976687
992	2.556288747890911
993	2.9574813613648905
994	3.026515567579019
995	3.45128481765547
996	3.5417971900663545
997	2.862868859928324
998	2.1585223199598333
999	2.6837547591661037
1000	3.0345696078992264
1001	2.6447074665476666
1002	2.3099618160551643
1003	2.803834185473668
1004	2.6078074991269125
1005	2.6078074991269125
1006	2.5735663530102184
1007	3.1185971890907105
1008	2.4779106738588177
1009	2.0983260009664466
1010	2.3753589622556808
1011	2.8218744370514757
1012	2.040465942255288
1013	3.039262276450002
1014	3.3893694200418722
1015	2.8899659734657486
1016	2.7642905733215795
1017	3.20359301996513
1018	3.303004064721107
1019	2.805805778383378
1020	3.211590520472947
1021	2.78731388905284
1022	2.343202208311567
1023	2.706471940086413
1024	2.49637737890853
1025	2.6314275826126434
1026	2.4972621210640362
1027	2.7626164047865283
1028	2.1104307240269256
1029	2.293606845526897
1030	2.7773321141118523
1031	2.0675348282493786
1032	1.8134464265509012
1033	2.624896124306337
1034	2.7128936722795802
1035	2.1915008090794936
1036	1.8134464265509012
1037	2.4990456842605013
1038	3.1430929942246912
1039	2.414329063103092
1040	2.501355787490615
1041	2.8484315414930323
1042	2.49637737890853
1043	3.09762647079167
1044	2.394878842839995
1045	2.9212482108207314
1046	2.078931902942
1047	2.6314275826126434
1048	2.6314275826126434
1049	2.6082086365861805
1050	2.8265194528849946
1051	2.7746885398188303
1052	2.8000103552560307
1053	2.4195318806354744
1054	2.3934544794032258
1055	2.9578163410058687
1056	2.481063828882071
1057	2.046537881073312
1058	3.0981560992597657
1059	2.5945620239178524
1060	2.6314275826126434
1061	2.447831166663972
1062	3.2354388616785563
1063	1.6851068226925485
1064	2.3834505492642846
1065	2.4830737939909895
1066	2.274817225949558
1067	2.351645001679454
1068	2.136104262537029
1069	2.928511353286195
1070	2.852039011178794
1071	2.443499887650732
1072	2.6933861977238345
1073	2.3066461824533757
1074	2.235660663133077
1075	2.6863203172730437
1076	2.574931476143106
1077	1.9169097947280704
1078	2.2949025671744083
1079	3.1630102293563844
1080	2.34881633701377
1081	2.6360169711426105
1082	2.296640665671501
1083	2.6360169711426105
1084	3.1696573463726363
1085	2.9922298702880306
1086	2.7383116050862815
1087	3.1486021159175057
1088	2.6933861977238345
1089	2.6933861977238345
1090	2.443499887650732
1091	3.2503648946776593
1092	2.483073994376203
1093	2.3956566660856775
1094	2.8257494752044297
1095	3.275665727756667
1096	2.129932501273598
1097	2.7057917807760026
1098	2.5055327293261285
1099	2.79635320732825
1100	2.941919098232677
1101	3.6456910744353936
1102	3.6588952279964255
1103	2.9935914309378266
1104	2.0734647373490342
1105	3.2503648946776593
1106	2.5756740007114503
1107	2.5756740007114503
1108	2.9297729180600514
1109	3.329563451732131
1110	2.1046166426004187
1111	2.5459163468138923
1112	1.9984825572134206
1113	1.9145607881350255
1114	1.9984825572134206
1115	1.8224891366846447
1116	2.4944699614560726
1117	1.666692339944889
1118	2.9545486377753445
1119	1.9276472977054637
1120	1.9814871642588847
1121	1.8224891366846447
1122	2.3967276625565574
1123	1.612415076578761
1124	2.936485883756692
1125	2.4106269700699268
1126	2.5552646016726213
1127	2.2721546126260406
1128	2.603223487500329
1129	2.0264287588793524
1130	2.3662952620493485
1131	1.81806750450473
1132	3.525799692381583
1133	3.211020510976985
1134	2.3353495810315854
1135	1.8606768182766047
1136	1.9552250209543702
1137	2.1509281334190193
1138	2.5209903080579603
1139	3.169186776863875
1140	3.3152681669613804
1141	2.413594469452471
1142	2.5387198875252586
1143	2.3485501838291136
1144	3.217576066005658
1145	3.230227373213814
1146	3.400049561985827
1147	2.8368065237069304
1148	2.3353495810315854
1149	2.52574350129765
1150	2.431816994475169
1151	2.3328364925963263
1152	2.1331762055686285
1153	3.322896078578737
1154	2.8460451367152646
1155	2.6360204972519194
1156	3.0112072457232544
1157	2.9578163410058687
1158	3.0951072048072614
1159	2.0429450747410813
1160	3.36739226810644
1161	2.592472043825044
1162	2.283210029111763
1163	2.6360169711426105
1164	2.9920907511573827
1165	1.8171988882615027
1166	1.9552250209543702
1167	3.2266557450720414
1168	1.8042364186989148
1169	2.610895432370306
1170	3.3752104462339743
1171	1.9628033234710873
1172	2.572258118038523
1173	2.8272367830039484
1174	1.7802025118143647
1175	2.7637147607301147
1176	3.4005278693087035
1177	2.9319160667078696
1178	2.9662701799479243
1179	2.7637147607301147
1180	2.1747609113260764
1181	2.5571423184802233
1182	2.85447996300669
1183	2.8272367830039484
1184	2.7761341959215384
1185	3.023507343119893
1186	1.9160014236451879
1187	2.859270342394626
1188	2.406419122957638
1189	3.245194323750506
1190	3.212448601247157
1191	2.483968631071348
1192	1.9652904727941278
1193	2.8314542765289334
1194	2.130287864251726
1195	2.088760363580319
1196	2.161130862495779
1197	1.6512919338773862
1198	1.8750570090698544
1199	2.4917397132220422
1200	1.8750570090698544
1201	2.3591287598799466
1202	3.022877544691979
1203	1.8066170513071418
1204	1.8748442394149214
1205	2.371754599078743
1206	2.2970429271172823
1207	2.944055962642929
1208	2.3094002621522582
1209	2.4812890881631384
1210	3.3984473237560375
1211	1.8748442394149214
1212	3.0716039945365976
1213	2.860827651029704
1214	2.148950587491729
1215	2.4883742180515505
1216	2.385867228965952
1217	2.273313154621312
1218	2.6530203642833294
1219	2.904609349963934
1220	1.7787196834453267
1221	2.5767596808192583
1222	2.846815949933907
1223	3.6091877117323468
1224	2.271710487014798
1225	3.1756435417676703
1226	3.7982052530325463
1227	1.8548122366955284
1228	2.193231748454216
1229	2.291455121271997
1230	2.4602687397517053
1231	2.966789561262759
1232	3.652675584742661
1233	2.9639125215282593
1234	2.523277936216912
1235	3.0171277945896113
1236	3.0639762178687016
1237	2.6369273659566184
1238	1.662771122035668
1239	3.3701161349919264
1240	1.662771122035668
1241	2.114387344982953
1242	1.662771122035668
1243	1.8735828314169198
1244	3.034639119924047
1245	3.0556515400348143
1246	2.8644100198107494
1247	2.593716721941748
1248	2.4921338809640177
1249	3.2577476287825604
1250	2.6719949415275046
1251	1.8548122366955284
1252	2.8230608726791515
1253	2.6438272185585507
1254	3.2577476287825604
1255	1.6659829994802124
1256	2.7506870034613846
1257	3.134764704604377
1258	2.3842824423503326
1259	2.4746168572264877
1260	2.658163474715552
1261	3.1148682612600367
1262	2.85125034620157
1263	2.0882592889839313
1264	1.8659636290276276
1265	2.7274644920303115
1266	2.4694725894273653
1267	2.0576686809382436
1268	2.8150864742513204
1269	2.4285661965557432
1270	3.3519132067303943
1271	2.513905658656719
1272	2.9742585935389343
1273	2.323071586045979
1274	2.8675537022048108
1275	1.8753754775255294
1276	2.4120177245549366
1277	2.0626177016407947
1278	2.923640209554446
1279	2.484840980199735
1280	2.7179656039403564
1281	2.6119455229821824
1282	2.0447357080758826
1283	2.3127256764674207
1284	1.8548122366955284
1285	2.4838299123448206
1286	1.9484148682289795
1287	2.0175790438420473
1288	3.1665980431243117
1289	3.670908712062121
1290	2.339531117800564
1291	1.662771122035668
1292	3.0119014526573515
1293	2.636952360644273
1294	2.155556917884782
1295	2.936080679786851
1296	2.9978457383681074
1297	2.56334097473089
1298	2.5566977596974145
1299	1.7245559480729185
1300	2.1109622151264142
1301	1.410205336858272
1302	2.836944973139219
1303	2.594473411992836
1304	2.169658696274351
1305	3.0655654572401763
1306	2.3904325335432333
1307	2.587471509992702
1308	2.8334567720609014
1309	2.594473411992836
1310	2.3522336603860015
1311	2.3522336603860015
1312	2.566725479995012
1313	3.163306359631292
1314	2.545109889063983
1315	1.666692339944889
1316	2.9216398839820865
1317	1.9449138797945305
1318	2.446827230444622
1319	2.309661169150242
1320	3.21951495792346
1321	1.816406138699815
1322	2.2663976218195354
1323	2.4327575757051494
1324	2.8220293888660657
1325	2.2183011855190564
1326	2.8422524119996746
1327	1.9653950574516919
1328	3.0567094342289085
1329	2.725415928669894
1330	1.9916295864731373
1331	2.7426727713701595
1332	2.4469812123095736
1333	2.28168336695378
1334	2.901482298538615
1335	2.303570010893165
1336	1.920574265142764
1337	3.0498468255764877
1338	2.207939313235457
1339	2.5836077902186414
1340	3.2474246275828116
1341	2.620417069251072
1342	2.3825165606048784
1343	2.6686737448495097
1344	2.9353289869286403
1345	2.1109622151264142
1346	2.5073573653357197
1347	2.5691710406159305
1348	2.4740207434461867
1349	1.9642401299537375
1350	2.407748131863552
1351	2.6881026943065485
1352	2.626852261472363
1353	2.83566402417427
1354	2.6881026943065485
1355	3.876209456452334
1356	2.706749700864292
1357	2.7651597827250605
1358	3.9379506962747404
1359	2.6863324130467845
1360	3.0822065139693855
1361	2.3183090174787586
1362	2.0786983171629236
1363	2.6863324130467845
1364	3.235012415145875
1365	2.629808919502167
1366	1.945252255288155
1367	2.792558235255836
1368	2.066382384701618
1369	2.92735209755117
1370	1.675378026897453
1371	2.7796270335598665
1372	2.8379776060776023
1373	1.8945355604037524
1374	2.523277936216912
1375	2.425811022908792
1376	2.8537212113720676
1377	1.8199294472767944
1378	2.291907318964553
1379	2.1116528329405577
1380	2.748093188326273
1381	2.588158937109527
1382	3.0315639191296193
1383	2.748093188326273
1384	1.8748442394149214
1385	2.480581440907432
1386	2.9354168742765987
1387	2.9377219434885236
1388	1.675378026897453
1389	1.8548122366955284
1390	1.7010702729441691
1391	3.2687648268926384
1392	3.5288984760917086
1393	2.990136060486598
1394	2.2711808910476505
1395	2.290545527669772
1396	2.94747402624548
1397	2.006792641186273
1398	3.0842705924886284
1399	2.313077058670479
1400	1.675378026897453
1401	3.733805284304521
1402	3.0553293914707256
1403	2.9453835526307754
1404	3.0573346770834853
1405	3.157424594477771
1406	3.024369081864774
1407	2.489711028787396
1408	2.3222991581428687
1409	1.675378026897453
1410	1.519429191588042
1411	2.2606114959342882
1412	1.519429191588042
1413	2.768987206836464
1414	2.2593734750827603
1415	2.2403575328856307
1416	1.7944325166400208
1417	2.782192594667725
1418	2.694602663877129
1419	2.751807687010416
1420	3.2006518435180076
1421	2.751807687010416
1422	2.5667928634922603
1423	2.5134230122818746
1424	2.5596615307917254
1425	2.38297110346204
1426	2.849633849399811
1427	2.93819903191718
1428	1.9172393321618686
1429	2.7569138248417455
1430	2.107089815244274
1431	2.5596513149791673
1432	2.745573602056149
1433	2.6111265446569694
1434	2.1822504949512584
1435	3.0540014585319515
1436	3.61168624498533
1437	2.9311485047788737
1438	2.6305771843469885
1439	2.7798518110668726
1440	2.3417683368847397
1441	2.9456982368448688
1442	3.5509826152381296
1443	2.8206902886191143
1444	2.5182888809335147
1445	1.6438836512045059
1446	1.349276595931916
1447	2.2645499407835104
1448	2.375006389314496
1449	3.259567565887996
1450	3.048434740209623
1451	3.007529880893662
1452	2.825971138031207
1453	2.2637698531895585
1454	2.051830331524586
1455	1.7081726808064126
1456	3.138340443330474
1457	4.0919884253508725
1458	2.866617793111886
1459	2.039225945481959
1460	2.5906426492851122
