0	2.3124670403186975
1	2.3124670403186975
2	2.7714835098354875
3	3.22895101083214
4	2.7714835098354875
5	3.603976569327932
6	2.2896301706242896
7	3.562406124648057
8	2.2312911895331675
9	2.2312911895331675
10	1.4149475429901932
11	2.1392233729478525
12	1.4149475429901932
13	2.489596357727541
14	2.683875940379891
15	1.7874954608900282
16	1.7613889242254417
17	1.7613889242254417
18	2.3966503742796967
19	3.1149774839991355
20	2.948958694565581
21	2.492084857188606
22	2.6158464486834867
23	3.2658268104161357
24	3.2529204127232147
25	2.918504846917499
26	2.234991880311398
27	2.8583845805819585
28	2.6118336203396257
29	2.6118336203396257
30	1.7874954608900282
31	1.7761742969066852
32	1.399265209274072
33	1.9526771132049694
34	3.6858823559014646
35	2.607045487358993
36	2.8107017526369034
37	3.1138308074521923
38	3.2786640560586693
39	3.042485554564699
40	1.9156604879026848
41	2.930642775584965
42	2.2339471678110896
43	2.2357218147261277
44	2.6118336203396257
45	2.2339471678110896
46	3.1924167427124064
47	1.7761742969066852
48	2.382221030720161
49	3.096476195984248
50	2.5668107854627396
51	2.1454621911806258
52	1.5383052281765677
53	3.0661935113040975
54	2.519906346166422
55	2.5955977136021886
56	1.5383052281765677
57	1.9700604670526767
58	1.7874954608900282
59	2.0479387731964
60	2.553839888801716
61	1.7874954608900282
62	2.553839888801716
63	1.6648974641381356
64	2.6118336203396257
65	2.0479387731964
66	3.3027661343030634
67	2.6118336203396257
68	1.7874954608900282
69	1.63644639238243
70	2.0453255997432036
71	2.542784689949951
72	2.404228559018167
73	3.064499598380187
74	3.5020898365296422
75	1.7874954608900282
76	2.542784689949951
77	2.4211730381387664
78	1.9129322321585849
79	3.001992787178715
80	2.9560778758534623
81	2.519906346166422
82	1.9275134973618904
83	2.9560778758534623
84	2.4928070432922302
85	2.890226948660941
86	1.7536715420653002
87	1.5812518769335595
88	1.6105811140597064
89	3.3422499583554917
90	3.3979724652615717
91	3.199327483908163
92	1.7536715420653002
93	1.8206247601653598
94	1.7530636790044722
95	3.348672276945689
96	3.091554907193867
97	1.9306863216068184
98	3.2277094581326113
99	3.4618583704781054
100	2.4362349310269877
101	2.624186572572939
102	2.167445315735321
103	2.7106302577126296
104	2.255386980476051
105	3.489583749993209
106	3.3027661343030634
107	2.410264936236155
108	2.771577597651268
109	3.095486754986087
110	3.0915646912181036
111	3.3716924021921906
112	2.771577597651268
113	3.3716924021921906
114	3.348672276945689
115	1.9400445827837927
116	2.755111592477903
117	3.348672276945689
118	3.4618583704781054
119	3.0510464042924754
120	2.1936373316209217
121	1.7874954608900282
122	3.2719917511700487
123	1.9925952066874486
124	3.5094953032302207
125	2.1151349098841683
126	3.226418968519652
127	2.570681550120284
128	3.6615589220396165
129	2.386869499422228
130	2.9705857143095478
131	3.348672276945689
132	3.373106814687971
133	1.9400445827837927
134	2.900317295213841
135	3.24404692049052
136	3.242492567603232
137	3.348672276945689
138	2.6382091878453555
139	2.739541663639864
140	2.9908744733065
141	2.3953046695299687
142	3.1053080863768834
143	3.348672276945689
144	1.7536715420653002
145	2.194460834527615
146	2.983311385432607
147	3.303460787721543
148	2.3884886135223757
149	2.7663828987238412
150	3.040832621243716
151	3.0977797349091074
152	3.067799583872138
153	1.7466572090303412
154	3.504663789367454
155	3.348672276945689
156	3.348672276945689
157	2.6010415927545476
158	3.2449001414004726
159	3.2388103497039915
160	1.7874954608900282
161	3.199327483908163
162	3.366881953754843
163	3.489583749993209
164	2.6118336203396257
165	3.423591861288012
166	2.4210785504251313
167	3.1602613195160765
168	2.1857877261938334
169	2.0479387731964
170	3.348672276945689
171	3.0901633401036284
172	2.5583415151342743
173	3.132200921980189
174	3.43409154051882
175	2.777699328511619
176	3.034175703832234
177	2.5655653569392687
178	3.472912819343167
179	3.2257791642234226
180	3.348672276945689
181	3.4618583704781054
182	2.482128077756381
183	3.152526689974471
184	3.407357830229611
185	3.132200921980189
186	2.986930082138342
187	3.348672276945689
188	2.741768126294064
189	2.582875844070193
190	3.0733323850460046
191	2.0453255997432036
192	3.2257791642234226
193	3.2910484732482503
194	2.0639828247171015
195	3.2979899321442674
196	3.083167389533652
197	3.117967371212731
198	2.745871454235302
199	3.170431824148785
200	2.996968299122705
201	2.051900771028574
202	3.315151253847963
203	2.8146462927382934
204	2.7263930825879346
205	3.3815956105945135
206	3.0789813202776566
207	3.0661143215943265
208	3.2719917511700487
209	2.690393469507937
210	1.5812518769335595
211	3.2719917511700487
212	2.3017829223840485
213	2.813254004552183
214	1.8000439384022635
215	2.4982506924786816
216	1.7753608129389202
217	1.9753995705913687
218	1.7753608129389202
219	3.090945775746843
220	3.259993602070607
221	1.9138557310017186
222	1.7874954608900282
223	3.2519813474353056
224	3.090945775746843
225	3.7807747808930388
226	1.7087773163539741
227	3.2710840943598436
228	2.894800789345528
229	2.6297891349451836
230	2.948958694565581
231	3.3560025105991578
232	3.1223328578076948
233	2.2357218147261277
234	2.955123477317595
235	3.238402154409959
236	2.955123477317595
237	2.2762135543968047
238	2.9229855803646987
239	3.6275871048166626
240	3.2710840943598436
241	2.530674944215181
242	3.096476195984248
243	2.573887413959179
244	1.4149475429901932
245	2.647089698660437
246	3.804524192218385
247	3.068651059876404
248	1.5400095109887237
249	2.3893585494386147
250	2.188190447717472
251	2.3709157436746
252	3.4175150781247035
253	3.013300904345362
254	2.9630753058174175
255	2.5811147307382942
256	2.565503502304262
257	2.954034985804236
258	2.8146462927382934
259	3.295179244100816
260	1.958919222029591
261	3.3164278188787883
262	2.9879142395804745
263	3.714308730003245
264	3.081529797411561
265	2.3986039917256683
266	3.647410372152245
267	3.208335544707322
268	2.2575424478069084
269	2.5787925625193506
270	3.441807569885082
271	2.454963356372042
272	3.0738661781748777
273	3.253118039929447
274	2.7591582597708433
275	2.110049536572102
276	1.7530636790044722
277	2.973664971662924
278	2.966435161924075
279	3.0743530625982927
280	2.557806974339689
281	2.4258820699053927
282	3.769525740455355
283	3.5118624642511738
284	2.4928070432922302
285	3.1164904848747144
286	3.4860452047456563
287	3.123367978200233
288	3.2018845843876287
289	3.0987473826287464
290	3.1032940820357915
291	2.781548786750983
292	3.3951732174489364
293	3.489583749993209
294	2.396238275790711
295	3.2719917511700487
296	3.3238680015175452
297	2.8542112673147297
298	2.785437110589223
299	3.1793704037206685
300	2.9363329248263663
301	2.797422575372199
302	2.9314660134803896
303	2.9314660134803896
304	3.2824550784920197
305	3.373106814687971
306	1.929236303787972
307	3.4065650985748643
308	2.916002557571174
309	2.1658173334794992
310	2.708975475071555
311	2.550418046742944
312	3.373106814687971
313	2.783512862832671
314	3.1382476756478885
315	2.5803003309157564
316	3.1218378355673604
317	3.1496929241564384
318	3.489583749993209
319	3.2416863331720642
320	3.247593259024453
321	2.9141078084605625
322	3.345543062108814
323	3.7324596930584706
324	2.3846550288692483
325	2.5417739776461303
326	2.637759488325618
327	3.3238680015175452
328	3.2475689982533402
329	3.489583749993209
330	3.2106456619142723
331	3.348672276945689
332	3.2465980472568114
333	3.3589319338846013
334	3.343246628577989
335	2.7558529073165468
336	3.345543062108814
337	2.4692497913440556
338	2.8869181897734175
339	2.7605486053839354
340	3.423591861288012
341	3.348672276945689
342	2.4659479826282253
343	2.9028802199827073
344	1.8867294409344477
345	3.34666679251477
346	1.9879313493854012
347	2.188190447717472
348	3.0670533701200826
349	2.40454159529183
350	1.399265209274072
351	2.828453878437493
352	1.9925952066874486
353	2.4839408192654586
354	2.9692721362982617
355	2.7467165625750454
356	3.229907887124417
357	1.9021014735209862
358	2.734147031767755
359	2.6122570525559627
360	3.2570407728005266
361	3.4865117399594197
362	3.226803001936654
363	2.6122570525559627
364	1.9681770680553305
365	2.1761048361642743
366	2.1761048361642743
367	2.8146462927382934
368	2.4982506924786816
369	2.858811442722637
370	3.3238680015175452
371	3.3770888670251162
372	2.6639755944184405
373	1.4149475429901932
374	3.3433667935874674
375	3.054888299560214
376	2.634543585859101
377	3.6377386991126563
378	1.4059694347336078
379	1.6869710364402786
380	2.8820164221010236
381	3.5379033679519476
382	3.0691244907009656
383	3.091181426363414
384	3.1223328578076948
385	3.1417430430738675
386	2.6992780443829694
387	1.4149475429901932
388	2.783168970556915
389	2.582972519755501
390	2.5504775705581277
391	3.371674071665675
392	3.2570407728005266
393	1.316218590259869
394	3.4364492569520677
395	2.5326225639879345
396	2.5664605386997987
397	3.1341361039382885
398	2.9585887065934298
399	2.373060306952892
400	2.4880718094686793
401	2.65564291415016
402	3.1016496763610277
403	2.9189734509133807
404	3.5149807210472854
405	2.3709157436746
406	2.991784524070569
407	2.386658568553771
408	2.9257717923921076
409	3.3744893366981135
410	3.222174600892432
411	2.9688102742769513
412	1.9804741876992664
413	3.3964963964483785
414	3.373106814687971
415	3.427533651819898
416	2.7719036689354013
417	3.3027661343030634
418	1.9526928538522823
419	3.3027661343030634
420	2.949176290513853
421	3.098056021721457
422	1.929236303787972
423	2.8146462927382934
424	3.0856349577766706
425	2.8338559111160913
426	3.0598476313464906
427	3.081529797411561
428	3.348672276945689
429	3.1874717133283132
430	2.3017829223840485
431	3.469838726731479
432	2.550607498538335
433	2.557806974339689
434	2.578577990814973
435	2.6324365801923384
436	2.7902022889953484
437	3.315151253847963
438	3.371674071665675
439	3.067923543517075
440	2.8350654184396653
441	3.7454858173447705
442	2.455764240106359
443	2.799703269822352
444	2.588316648957187
445	2.799703269822352
446	3.379635059241804
447	2.965426895856805
448	2.96686905773092
449	2.6512727469757134
450	2.2164348951503596
451	2.96686905773092
452	2.966121630328344
453	2.1740201136150485
454	2.438634271578409
455	2.4452714923859085
456	2.1413551799890547
457	1.399265209274072
458	2.6156883933335933
459	2.233168314710465
460	1.6175391838356323
461	3.561204024885061
462	2.7077714793310426
463	2.7774135400649977
464	2.233168314710465
465	2.6920908493823625
466	2.7881973732114225
467	3.3055321102677917
468	2.3740431434484703
469	2.13889504983178
470	2.1468705503860877
471	3.410643479666741
472	2.13889504983178
473	2.9688102742769513
474	3.2038165706354267
475	2.4527355588703252
476	2.5140207145070548
477	2.275863659064899
478	2.6139956308561527
479	3.1027011490533325
480	4.1621474999029555
481	3.1268221053240692
482	3.2280026097874925
483	3.236150408077434
484	1.9025072940143968
485	2.1997219227993954
486	3.3911928425454847
487	2.555261439271558
488	3.2377925704939474
489	2.6324365801923384
490	3.247593259024453
491	2.828453878437493
492	3.789982774801125
493	2.188190447717472
494	2.6806099796554683
495	3.1018866952292337
496	3.348672276945689
497	2.205696226868959
498	2.214811622354234
499	2.223399537840238
500	2.59119412115788
501	3.076767843467186
502	2.745822612385826
503	2.692985825132572
504	3.43269547529549
505	3.1463645614645186
506	2.2102432855736347
507	3.452213314154741
508	2.1060717040902253
509	3.0992943769575096
510	3.2591818554492065
511	2.976418368694063
512	2.9464378893346974
513	3.224079947116034
514	2.1060717040902253
515	3.1472470130358587
516	3.0824482350694273
517	2.7646332562516633
518	2.5789732324273427
519	3.151969661234301
520	3.160834370583216
521	3.393603171991216
522	2.5937210641875517
523	1.969727857032498
524	1.969727857032498
525	3.116639058621414
526	2.2529310865452628
527	3.254303954366333
528	2.7352048037573207
529	2.464158078313523
530	2.746968384730577
531	2.3910656057347928
532	3.436906186852747
533	2.62513640004408
534	2.8146462927382934
535	2.682527521434313
536	2.1697435627451065
537	3.195873279483954
538	2.992686976235258
539	3.714385712631783
540	3.1870769771463157
541	2.548874678315756
542	2.7722512291588086
543	3.101105758931714
544	3.0905260701162267
545	2.548874678315756
546	2.0763810559757427
547	2.1060717040902253
548	2.211531690445842
549	2.550418046742944
550	2.699846270259817
551	2.277051918014129
552	2.9037460952020298
553	2.337293539730713
554	3.2475689982533402
555	3.0905260701162267
556	4.059227449892971
557	3.6791176871723397
558	3.0810129016857952
559	3.0810129016857952
560	3.40120635424312
561	2.5667174417460146
562	3.6325238253777963
563	2.7847153484443283
564	2.824577186945298
565	2.1761048361642743
566	1.9312991099884291
567	2.1969630147934636
568	2.7264240186371014
569	2.7264240186371014
570	2.4675747064630356
571	2.6088507336157383
572	2.0495221024718457
573	2.7847153484443283
574	2.420951941867652
575	2.605429304577618
576	3.2013431376300625
577	2.764768924944285
578	2.733030624612267
579	2.3278493130730427
580	2.871758749835426
581	3.250005457449962
582	2.2409609323028383
583	3.267515510920345
584	3.511295106838339
585	3.490754524030272
586	2.1066226882262535
587	2.7774135400649977
588	3.3027661343030634
589	3.1285654330166155
590	2.7877723676539174
591	2.672155648481407
592	3.34667425707096
593	2.9165340815636336
594	3.076767843467186
595	3.502323152967615
596	3.6377256298808507
597	1.9191456067124975
598	3.3970696559845983
599	3.199327483908163
600	3.5375574989568808
601	3.2477257808634725
602	2.403614411635887
603	2.080618452714736
604	2.8719699472324285
605	3.025526843121862
606	2.9095373046294757
607	1.987399130710524
608	3.209381041811541
609	3.3619262504726692
610	2.1697435627451065
611	3.4996811737040563
612	2.5098579907257887
613	2.839401499785454
614	2.3831519350465094
615	2.992686976235258
616	3.5937453692110366
617	2.3615356520031785
618	2.916652407590698
619	1.7325261762395683
620	2.938328453939296
621	2.0063317889415657
622	3.3725724141336664
623	3.1602613195160765
624	3.3152722499271627
625	3.3919878065848272
626	3.396980095871836
627	2.1323307531226448
628	3.058603037034555
629	2.77673747620167
630	3.0904142849844067
631	3.254463958615057
632	2.5667174417460146
633	2.938119974970764
634	2.950688754066443
635	3.527145811164621
636	2.95549375240521
637	2.7887089485365952
638	2.746968384730577
639	3.375857243723985
640	2.8146462927382934
641	2.65909195845814
642	3.7242582204797476
643	2.5873922339138633
644	2.5395477693859747
645	2.0495221024718457
646	2.946343114810022
647	2.591895326750103
648	3.57859929858657
649	2.1583905344780887
650	2.586583967631939
651	2.955119700126188
652	2.9346029950118657
653	2.9678332406652443
654	3.2193048279934966
655	2.5556986616327717
656	3.1164907221357216
657	2.5576991508087152
658	2.7861631035399608
659	2.8767479861232244
660	3.208799538744158
661	2.6156883933335933
662	3.4073825058758267
663	3.3807871053026455
664	2.5614815036420815
665	3.2804313510248213
666	2.162395802989682
667	2.388247160507842
668	2.4421429344097296
669	2.287509273850022
670	2.5614815036420815
671	3.475598278502031
672	2.999019944494994
673	2.7566202197121226
674	2.1922987975165786
675	2.1922987975165786
676	2.0495221024718457
677	2.8991368842739247
678	3.0541601021111617
679	3.1317218559234803
680	2.6357835872288713
681	2.245534282792761
682	1.6423099293816539
683	2.7300197354663487
684	2.45184510812577
685	2.9234794136527875
686	2.4821158811913335
687	2.3784188971312723
688	2.583301720284926
689	2.7307642617075927
690	2.912337480778873
691	3.44289881868431
692	3.1242599329643674
693	2.809043071259388
694	2.423804040274799
695	2.392196029802438
696	2.5482043111706245
697	3.003434887334891
698	2.245534282792761
699	3.0975458129643343
700	3.0774347569699194
701	3.138714036131815
702	3.489997681707598
703	2.1922987975165786
704	2.6205199623182103
705	2.7528672953011037
706	3.2300853730759274
707	2.7395089777618025
708	3.33518727261372
709	3.041697806642044
710	2.550418046742944
711	2.950688754066443
712	2.204761936125461
713	2.8067517389007643
714	3.10392882529726
715	2.9588065957800738
716	3.123079921409985
717	2.9607146041263244
718	3.248777337283621
719	2.2247985607795484
720	2.7437958941535463
721	2.215113601364502
722	3.3157924355325616
723	3.604488405270671
724	3.2721818275091805
725	3.3909169018820067
726	2.999019944494994
727	3.202307526552878
728	3.24631353215593
729	2.1567832380063128
730	2.892834129189899
731	3.202307526552878
732	3.533789520480379
733	3.2214776705992376
734	3.2527329689712996
735	2.65208809187781
736	2.4313975610870298
737	3.5237725946327414
738	3.197556024543405
739	2.6991764152283313
740	2.3218181920127914
741	3.4268816198098566
742	2.4443209047699073
743	3.753538808761427
744	2.914082167914686
745	2.830253290293082
746	2.8893583102618736
747	2.75110638099731
748	3.1423541359751246
749	3.109263493315751
750	2.393953583364133
751	3.394188288941754
752	2.2077073846313304
753	2.4123456567654644
754	2.964802567813938
755	2.881947590536764
756	2.9422678205882304
757	3.096889112455047
758	2.9586120658493895
759	3.3103430307261665
760	3.1872921744865548
761	3.2623853282745974
762	1.7252509546362256
763	2.705955622185412
764	1.777375627784514
765	3.084032525497862
766	2.603984636869869
767	2.3582602503949515
768	2.57225967916391
769	2.7434983003526634
770	3.11494715883911
771	2.4664608415542637
772	3.2861657934413278
773	1.9922230470964544
774	3.2530082328093086
775	3.4874400974755226
776	2.869282445879051
777	2.398864399102874
778	3.256429960516379
779	2.803055331005661
780	2.7781589094947057
781	2.645600713246235
782	2.805000405042226
783	2.8252720926382
784	2.1681056356091055
785	2.162906125122442
786	3.7506121499080414
787	2.2527142020255564
788	2.5944710834384095
789	3.0279434282420485
790	3.0564965407758966
791	3.0709530810847268
792	2.8573656810317196
793	2.583026661987842
794	2.192184738498101
795	2.119360568634617
796	3.1801247456839157
797	3.942659631925153
798	1.9873761358298816
799	3.112635700077175
800	3.544916978084973
801	2.190968086672425
802	2.89990084542891
803	2.2622129328505447
804	3.0903956008026645
805	2.8757303026767524
806	2.8757303026767524
807	3.7136783149133845
808	3.3290300096029157
809	3.2554271887547297
810	3.081561873555655
811	1.6870371891387972
812	2.76842289936155
813	2.4527642777739627
814	2.6163171524841426
815	2.4197843889400685
816	3.6174409175843563
817	2.6163171524841426
818	3.5281850560465777
819	3.457370422369502
820	3.268135503762652
821	3.5583366403865044
822	3.316991103136572
823	2.9975341517933733
824	2.765711245671386
825	2.9426844792143294
826	3.0952174073053027
827	2.7504237849420665
828	3.2149775157418268
829	3.1797054215998335
830	2.6902901197855607
831	2.9300988818816704
832	3.102269354645073
833	2.7909870071799827
834	2.9975341517933733
835	3.401523026303672
836	3.2605167814610794
837	3.5358779122694033
838	3.3322188266461312
839	3.5523127586194896
840	3.1751702719311274
841	3.677047771999128
842	3.2069927919718824
843	3.635969014101396
844	2.9310809371714126
845	2.5020425008048326
846	3.021827361619286
847	3.1092934161520223
848	2.94592935152442
849	3.5613125449811083
850	3.6779711401918753
851	2.4836470701635283
852	2.6902901197855607
853	2.9924875250409815
854	3.127861119601288
855	3.005366748426848
856	2.7827141937931468
857	2.9975341517933733
858	3.0794842859666915
859	2.9127841878950114
860	3.0702959389758426
861	2.9975341517933733
862	3.643801509755309
863	2.985514512523121
864	2.6499791153926173
865	3.379883458493624
866	2.6902901197855607
867	2.350092350980468
868	2.822485416899877
869	3.5540099022615457
870	1.6175391838356323
871	3.0539520051414106
872	3.514884531277032
873	2.2088681527219194
874	2.755959642448576
875	2.7541582119275936
876	2.7730782993237715
877	3.6666454965974062
878	3.080450227320963
879	3.1971687792915993
880	2.9912868835854645
881	3.662366548150173
882	2.6586798762208037
883	2.9975341517933733
884	2.5870940484261373
885	2.180720217188093
886	3.4323655059849534
887	2.6586798762208037
888	3.110397860823651
889	2.955556349090639
890	2.8839197969559662
891	2.8414924244215523
892	3.1154104077185343
893	2.955556349090639
894	3.218009314639254
895	3.4526676303868737
896	3.005366748426848
897	3.1190379368146357
898	2.6499791153926173
899	3.061614780008811
900	2.7861779522672796
901	3.212076357432293
902	2.7861779522672796
903	3.289632339492559
904	2.7666970914622775
905	3.291735700219341
906	3.556437655569872
907	3.6261610720608433
908	2.8072898392816703
909	2.379855994918442
910	3.311078905099852
911	2.1399773391800525
912	2.401462578517825
913	3.5544285063932564
914	1.9648539396279592
915	3.0726879746852185
916	3.11643924835279
917	2.72342004754677
918	3.195789015847462
919	3.1455346697256217
920	3.4847974152882406
921	3.498244144799414
922	2.7996217597382342
923	2.1666609570968207
924	3.69171434083403
925	3.5133426696900236
926	3.5409892199819044
927	3.5681947664955254
928	2.967751263969178
929	2.58932850133911
930	2.58932850133911
931	2.619814004319761
932	2.2195611047912687
933	2.8680085090869896
934	2.673013379967201
935	3.03066042312511
936	3.0030439587371727
937	3.547645962171987
938	2.8830926504545746
939	2.7495695006231085
940	2.8957813005701514
941	3.045918972065809
942	1.8949991147961143
943	3.238114858279101
944	2.136099536945757
945	3.8494731229408763
946	2.6562357620552675
947	3.2355466595872566
948	3.5486435745811127
949	2.9463094528907208
950	3.4924551372950954
951	2.554570451207132
952	2.397866636949738
953	2.0203435494907964
954	2.95737149770586
955	2.0203435494907964
956	3.0096907932708215
957	1.76921100856353
958	2.9113319307049794
959	3.547645962171987
960	2.7538430427138887
961	2.782998835694648
962	3.140978686513651
963	2.979721694762806
964	2.5620749479349367
965	2.162569839483471
966	1.9624340029018663
967	2.2444490879289796
968	1.8949991147961143
969	2.7997763751938765
970	2.8027896785332422
971	2.867635051017669
972	2.9379342164919326
973	2.5884893266471
974	1.9624340029018663
975	1.657271663560897
976	3.204234903908203
977	2.4505692155119165
978	2.9261329067060853
979	2.556525073963874
980	2.619814004319761
981	3.4288230066023533
982	2.7997763751938765
983	2.380763704342028
984	2.3915781503695515
985	2.86977884012721
986	2.664339795791574
987	2.395871634923081
988	2.29667259555114
989	3.2355466595872566
990	2.2458816931832613
991	2.441367002595255
992	3.243132942382808
993	2.9313557027353068
994	3.0846428208409664
995	3.221970835256256
996	2.2458816931832613
997	3.8040142101663306
998	2.97797257133304
999	3.238572577390172
1000	3.2469683717576787
1001	2.5014357294886715
1002	2.9553293125493
1003	2.9081077143636898
1004	3.102664528445533
1005	2.9297631547032523
1006	2.80527421407913
1007	2.7175445354800267
1008	2.619132300962118
1009	3.0310744753699304
1010	2.1401181335216672
1011	3.075490770565043
1012	3.075490770565043
1013	3.0992352498191407
1014	2.52558650134032
1015	2.28510955870345
1016	3.351061567309319
1017	3.5228685230661463
1018	2.908516038366872
1019	2.395871634923081
1020	2.6409192753041575
1021	3.2554690637188135
1022	2.599029652489269
1023	2.0203435494907964
1024	2.5746315045652555
1025	2.49753252338111
1026	2.8832591969060366
1027	3.6837917324863274
1028	2.9551008950354474
1029	2.388286749206297
1030	3.278324933392061
1031	3.4049766014189218
1032	2.6219488081040527
1033	2.671955086121593
1034	2.378347064271134
1035	2.6016904214499696
1036	2.589203029776834
1037	2.545242149466944
1038	3.101975055975095
1039	3.353698819364152
1040	2.9516321944334614
1041	1.564420324891418
1042	1.399265209274072
1043	2.9502948437568794
1044	2.601278936766949
1045	2.144510281073556
1046	2.5667516230046488
1047	2.0203435494907964
1048	2.762646034373703
1049	2.3948122247529726
1050	2.619814004319761
1051	2.601278936766949
1052	2.7352466110953166
1053	3.077181922589854
1054	2.5614556388657053
1055	2.749374407713511
1056	2.0203435494907964
1057	3.156408094946828
1058	2.326678541159397
1059	3.0760224511080647
1060	2.526025224353683
1061	3.8180813691666113
1062	3.0760224511080647
1063	3.410005129993799
1064	3.0887252481993146
1065	2.8924839935459317
1066	2.5747579227012443
1067	3.3650938422590837
1068	2.379142749488272
1069	2.9506912458694323
1070	2.395067474524485
1071	2.5387200137225414
1072	1.9622943862514202
1073	2.9444908576002353
1074	2.5387200137225414
1075	3.0887252481993146
1076	2.9551008950354474
1077	1.9262205262466683
1078	2.9409555197933934
1079	2.40766167495564
1080	2.9409555197933934
1081	1.7842919583147037
1082	2.1567832380063128
1083	2.8015210640747545
1084	3.2667220795147647
1085	3.5105868016113737
1086	3.3905149468056255
1087	2.948056878101493
1088	3.2453856942797703
1089	2.570944042975562
1090	3.0020290312974596
1091	2.760279516676001
1092	2.29667259555114
1093	2.398135101876202
1094	2.6547634839480865
1095	3.2554219881650464
1096	2.5407208120702354
1097	2.223154962709424
1098	1.9804837712763124
1099	2.796220223879209
1100	2.8360995982548403
1101	2.9097633973247055
1102	2.579357310208439
1103	3.3778439328824335
1104	2.403298088236218
1105	3.02174165948239
1106	1.92237177179203
1107	3.109074232268993
1108	3.2667220795147647
1109	3.169989033064713
1110	3.509629548788903
1111	3.0992352498191402
1112	2.9502156507910007
1113	2.843663484992481
1114	3.0986057290645825
1115	3.377359848506666
1116	3.0859736775915514
1117	2.192141112085189
1118	2.630640422026168
1119	1.9410646063166128
1120	2.225609220695374
1121	2.1466751830652706
1122	2.2259987673182753
1123	2.1466751830652706
1124	2.9035488455759935
1125	2.899094530309897
1126	2.8686709970542204
1127	3.368757179972649
1128	3.202448556196327
1129	2.5171219887492025
1130	2.523513489828643
1131	2.9197508063670865
1132	2.7896182128221776
1133	2.3995470927688607
1134	2.378128120305835
1135	2.385828876446122
1136	2.3432135730494816
1137	1.988872649674541
1138	2.8689690925235714
1139	1.9804837712763124
1140	2.3114496792306722
1141	2.2259987673182753
1142	2.3995470927688607
1143	3.10624537267589
1144	2.2020916920085827
1145	2.168147326310336
1146	2.9401072812887277
1147	3.0827245158906655
1148	2.4183671174793
1149	2.4183671174793
1150	3.1004396176295215
1151	2.6768456748915077
1152	2.396310094854895
1153	2.7860857302046913
1154	2.9654470396337405
1155	2.2110167625255235
1156	3.8127596595927984
1157	3.3981556099787578
1158	3.2335005025362307
1159	2.3995470927688607
1160	2.9148810399952385
1161	3.261359685324604
1162	1.9514533107352747
1163	3.3903982674039637
1164	2.2116069020923264
1165	2.4291679749847526
1166	2.733894855554665
1167	3.8631800134611427
1168	2.9045897120092743
1169	2.1195000229372116
1170	3.2019443365469855
1171	2.8324514113447363
1172	2.8920702595581513
1173	2.973425857921484
1174	3.0414521061340074
1175	3.3632329560723644
1176	2.9273102628725205
1177	1.931241311508846
1178	3.5400675285256566
1179	2.896680312130516
1180	2.7974516407194336
1181	3.7376954571577232
1182	3.641017962155617
1183	2.9519829418242733
1184	2.446696760402772
1185	2.5943083573465033
1186	3.1317155312183336
1187	2.301207515871604
1188	2.6269106143904963
1189	3.8120121474470423
1190	3.0938709572245036
1191	3.430057734183044
1192	2.388286749206297
1193	2.678841777381538
1194	3.2656279877793337
1195	1.7268534934748887
1196	3.2656279877793337
1197	2.4209689977090205
1198	2.7260149692114832
1199	2.789603907927619
1200	2.603944370522752
1201	4.018548197067458
1202	3.1107313663859792
1203	3.1118492237839317
1204	2.390031800908028
1205	3.287531627176643
1206	3.0637568963631336
1207	3.0493720774268183
1208	2.412590548250415
1209	2.7908862504720036
1210	2.6188320883769607
1211	2.2884308777466953
1212	2.7144855614020176
1213	2.5764370613969896
1214	2.5764370613969896
1215	2.5312993707589144
1216	2.93834209049426
1217	2.760789896955824
1218	2.92390402834707
1219	3.0993172644635805
1220	2.953098513913932
1221	3.133619512126427
1222	3.0912193313479346
1223	2.782941197199647
1224	2.628189197957597
1225	2.4403336372737146
1226	3.3056934851822772
1227	3.0612867573110765
1228	2.4403336372737146
1229	2.800956802923537
1230	3.1174456064939
1231	2.782941197199647
1232	2.4005097223981195
1233	2.390031800908028
1234	2.788492956818523
1235	2.788492956818523
1236	2.788492956818523
1237	2.7676033694939006
1238	2.9225213733948467
1239	3.099653596327176
1240	2.8995077381737207
1241	3.4758812123581238
1242	2.9995959823414093
1243	3.098838365354424
1244	3.1585584359023993
1245	1.9840748087593678
1246	3.78948700358759
1247	3.297497251743454
1248	2.166351732572797
1249	2.963901549834536
1250	2.3858144553384615
1251	2.1957295963534484
1252	2.5544908090033096
1253	3.278731929943075
1254	3.3970194833219347
1255	3.098912515561521
1256	2.8419863702458907
1257	3.297497251743454
1258	2.9704094944145623
1259	2.6171589867658342
1260	3.5396351814947162
1261	2.166351732572797
1262	2.907486792531175
1263	3.27462896126562
1264	3.2727700523068792
1265	2.619814004319761
1266	2.921290350434208
1267	3.0951686509102907
1268	1.7140405624825852
1269	2.4299458318803033
1270	3.128647865693509
1271	3.126011952899118
1272	2.5930979784944364
1273	2.799450928221921
1274	2.7167560175142276
1275	3.1043272846229946
1276	2.7707801631655817
1277	2.3897442280298167
1278	3.1049013483303622
1279	3.6613247442829158
1280	2.446508890871741
1281	3.5369879476525314
1282	2.6171589867658342
1283	2.51300928089176
1284	1.9787100269716882
1285	2.214283658077412
1286	2.229839929823485
1287	2.429163108059038
1288	2.725626260797292
1289	2.7463841359962555
1290	2.611765444954583
1291	2.767536910127057
1292	1.657776147689974
1293	2.104493569238963
1294	2.777302332207533
1295	2.446518151083728
1296	2.163076846117766
1297	1.3897743587695899
1298	3.026422903177974
1299	2.3895340326807504
1300	2.8060467656540373
1301	3.2776656984935073
1302	1.9368113587769429
1303	3.268189307287933
1304	3.2879000861372614
1305	2.7938857130563886
1306	2.6421401210128352
1307	2.427515451720878
1308	1.8615919172849549
1309	1.9849300749942758
1310	2.780991151547568
1311	3.2759719190376515
1312	2.6365887242296333
1313	2.704106980430599
1314	2.933340654514545
1315	2.9327329344473942
1316	3.0690459988778516
1317	2.3632736010083586
1318	1.9390506466367847
1319	3.055803876887248
1320	2.8188303157914816
1321	3.251686318627781
1322	3.1244950294572287
1323	2.7447859609292355
1324	2.3632736010083586
1325	2.780221102378363
1326	3.344548035686679
1327	2.7464296380653863
1328	2.1681064519267923
1329	3.2559170557225134
1330	2.7583263992500138
1331	3.5814529071732752
1332	2.958093107387032
1333	3.2489334066416933
1334	2.732094485627078
1335	2.167641273320262
1336	3.214616089677156
1337	2.408047010690094
1338	2.3925437046545923
1339	3.525417156890412
1340	3.5658910790645058
1341	3.0789039426980187
1342	3.119243498696033
1343	2.3529811101439555
1344	2.4391539271610823
1345	2.1520224842768574
1346	2.1486976687434955
1347	2.878750519733386
1348	3.256021428797338
1349	2.7039006992117085
1350	2.6134084305192165
1351	2.7595924616898446
1352	2.745822612385826
1353	2.712709847922696
1354	2.7907837038352215
1355	2.8115460636968344
1356	3.882424157398344
1357	2.4434904452677295
1358	2.99819078936677
1359	2.9545032679468988
1360	2.553532405741859
1361	1.9288037377113532
1362	2.7922942425394264
1363	2.0103074188097163
1364	2.597621908730417
1365	2.9963570616637134
1366	2.597621908730417
1367	3.1279371829397467
1368	2.8068720480060096
1369	2.6045050077234166
1370	2.2915571545876503
1371	2.2915571545876503
1372	3.3951122375496716
1373	3.3949835499809
1374	3.501778272566604
1375	2.6240981209955048
1376	2.4106480307103473
1377	3.280330398960837
1378	3.185601587360023
1379	2.379604807215283
1380	3.345014204584149
1381	3.353011968557451
1382	3.353011968557451
1383	2.7919761935480376
1384	2.398098391968192
1385	2.747854530452955
1386	2.398098391968192
1387	3.3719819296386495
1388	2.274421773573441
1389	2.355156039318114
1390	3.5048628335766487
1391	3.419799067532005
1392	3.1215572238821814
1393	2.8196518560605055
1394	2.9704317856536213
1395	2.3632054363259396
1396	2.3632054363259396
1397	3.888813145757603
1398	4.155367232843055
1399	3.790070302848249
1400	3.5030656599759182
1401	2.5719350248959514
1402	3.5138196334325116
1403	2.610682979592264
1404	2.5814754461426266
1405	2.5383055993994454
1406	2.5725712151293805
1407	3.259677865131559
1408	2.4107174512322596
1409	2.206830557655943
1410	2.5878803905261387
1411	2.746720834640086
1412	3.2769287189402907
