0	2.2355531191021023
1	2.2355531191021023
2	2.943425033203345
3	2.4863807528767805
4	3.4280019856329886
5	2.6558105248874675
6	2.4095750840072525
7	2.4095750840072525
8	2.943425033203345
9	2.671322434099422
10	2.463449478596246
11	3.596670694583812
12	3.2453344684190264
13	3.596670694583812
14	2.8409311237072243
15	2.588416149947098
16	3.2453344684190264
17	3.147361738201402
18	2.5949300711126475
19	2.8409311237072243
20	2.4000339690005434
21	2.463449478596246
22	2.233390800474946
23	2.828069587924637
24	2.7378265839926903
25	2.7378265839926903
26	2.588416149947098
27	2.479578930784779
28	2.2428714815158286
29	2.881637139904975
30	2.4212580537043125
31	3.262688776301401
32	2.233390800474946
33	3.3848842072876177
34	2.2428714815158286
35	2.4212580537043125
36	2.566254722917812
37	3.057252136649436
38	2.873122787988361
39	3.4280019856329886
40	1.6398775677548227
41	2.668087408522455
42	2.4825265374604344
43	2.0839289149541314
44	2.673129062034142
45	2.0839289149541314
46	3.0615904956917688
47	3.057252136649436
48	3.121886184658893
49	2.4825265374604344
50	2.340955843583135
51	2.9846327747119497
52	3.147361738201402
53	2.4000339690005434
54	2.8424036421351953
55	3.095963456827547
56	2.8567520519527414
57	3.095349724687414
58	2.2918537448342255
59	2.340955843583135
60	2.8424036421351953
61	2.743116118115516
62	2.70823699015629
63	2.6997466189647508
64	2.2887164106615385
65	2.919257762337726
66	2.6997466189647508
67	2.483144955613674
68	2.9101109907379894
69	2.9846327747119497
70	2.979040680434418
71	2.4822505560072283
72	2.8969167980126254
73	2.483144955613674
74	2.9101109907379894
75	2.042735367845859
76	2.3673614660419293
77	2.7521419603999675
78	2.494514760491536
79	3.254595871398917
80	3.539579067676294
81	2.5941944421857657
82	2.1631499847617084
83	2.7116457272325953
84	2.9828719899967777
85	3.411784840959044
86	2.49700026834013
87	1.7097514989329765
88	2.536199377263836
89	2.776136451369902
90	2.439063828603869
91	2.1958873228833817
92	2.49700026834013
93	2.439063828603869
94	2.042735367845859
95	3.1580932813398395
96	2.2780961982659056
97	2.6558105248874675
98	2.2780961982659056
99	2.9247765457122843
100	2.776136451369902
101	2.885624344810548
102	2.9989759616646623
103	2.439063828603869
104	3.1356901211255876
105	2.536199377263836
106	2.8139291035521614
107	3.0890849061954087
108	2.0497306047966397
109	2.491883640999237
110	2.70823699015629
111	2.9799433806491256
112	2.5915961349072534
113	2.7778267195975834
114	2.599731841608033
115	2.535971784131615
116	2.939657935623197
117	2.074356694666281
118	2.899021001352466
119	2.939657935623197
120	2.881637139904975
121	2.814886185681088
122	2.0496578153288647
123	1.5211556113742568
124	2.022425188938795
125	3.249360913877249
126	2.3862552442688347
127	2.812301389184594
128	3.1053178678381066
129	2.5700648615403408
130	2.814886185681088
131	2.8713134775184193
132	2.4003937225273217
133	3.2453344684190264
134	2.5251973020126526
135	2.296309992435512
136	2.989002305524155
137	1.3639211089408847
138	2.4003937225273217
139	2.195328922456345
140	2.8176993974669013
141	2.5915961349072534
142	2.070507162479041
143	2.750812152216501
144	2.7724094845361056
145	2.9019756606914693
146	2.7038623861553286
147	2.9019756606914693
148	2.750812152216501
149	3.2192844760221884
150	2.053171953365232
151	2.8214527911314113
152	2.7783496918899573
153	2.0496578153288647
154	2.5412996803598107
155	2.6909140476058897
156	2.03825767822141
157	3.3955327139534934
158	3.151117093595639
159	3.192239962926688
160	2.8983050828428314
161	2.415000917076142
162	2.7553700508370715
163	2.415000917076142
164	2.5130620634566045
165	2.5915961349072534
166	2.7783496918899573
167	2.5700648615403408
168	2.0781793945632145
169	3.0615904956917688
170	3.374348661080962
171	2.7983439755984088
172	2.9124304227969784
173	2.6605793034064065
174	3.0982563281772695
175	2.950747824645631
176	2.2706465485025125
177	3.0982563281772695
178	2.1949606347594925
179	2.7039902508651728
180	2.7056560414421
181	3.151117093595639
182	2.7896768122129227
183	2.9943101127160134
184	2.009802710442276
185	2.3407549276421373
186	2.3364937217528827
187	2.8129090097339753
188	2.8068752878327796
189	2.747279925481839
190	3.09523922311823
191	3.1750372208551765
192	2.395254344420675
193	2.1949606347594925
194	2.9943101127160134
195	1.9402122845433054
196	3.3158502218740784
197	2.3407549276421373
198	2.472010285157605
199	2.6397532319241757
200	3.2380202367620683
201	2.5037831342315324
202	3.0065596772961447
203	1.8958010530880771
204	2.183326919065642
205	2.042735367845859
206	2.931088636360695
207	2.7803198194523695
208	2.5214387081194802
209	2.472010285157605
210	2.4964347066667676
211	2.6840614209416707
212	3.051141732242739
213	1.3711283145204103
214	2.2706465485025125
215	2.9087928142667963
216	2.461478633280639
217	2.2871433802057277
218	2.8317339450685854
219	3.6670862278008394
220	2.115084773976471
221	2.8317339450685854
222	2.666249335337035
223	2.472083485799701
224	2.977009787869848
225	2.3244098849462898
226	2.666249335337035
227	2.914822691866575
228	2.491883640999237
229	2.1694582364969515
230	2.914822691866575
231	2.2887164106615385
232	2.9087928142667963
233	2.115084773976471
234	2.380981572667503
235	3.161975171829884
236	2.502085866222347
237	2.7888389112926215
238	2.516437598334579
239	2.5037831342315324
240	3.161975171829884
241	2.7888389112926215
242	2.8068752878327796
243	2.6319524093168227
244	2.5538711299602097
245	2.3787816933109167
246	2.631623461646157
247	2.2580001750272958
248	2.831306266585921
249	2.7183768289221777
250	2.831306266585921
251	2.4107542519694443
252	2.3358735881397568
253	3.4319376174060374
254	3.1580932813398395
255	2.8721688615537664
256	3.2880489727278186
257	2.099341627053577
258	2.04422045625748
259	2.196607810600332
260	2.111015689245647
261	2.842488761421371
262	2.145299021667833
263	2.696446817662607
264	3.0583836442059216
265	2.0497306047966397
266	2.842488761421371
267	2.696446817662607
268	2.992835538157177
269	2.630210573390273
270	2.609454764468377
271	2.3862552442688347
272	1.9745994627880132
273	1.7829456276876579
274	1.7829456276876579
275	2.5570077187995537
276	3.0826568747078826
277	3.0840360975872265
278	3.279533983916668
279	1.8097142125674495
280	2.149764916145009
281	2.678060797140811
282	2.3358735881397568
283	2.829082716359135
284	1.6398775677548227
285	2.5214387081194802
286	3.1469047303252857
287	2.8559238040477375
288	2.9415400627107533
289	2.854638456909286
290	2.2580001750272958
291	2.630210573390273
292	2.2717178614663567
293	2.8068752878327796
294	1.907834980087705
295	3.1051991184920182
296	2.4614977682350716
297	2.957227277402175
298	3.181773710057775
299	2.8435765154099797
300	2.149764916145009
301	2.4614977682350716
302	2.8736857025733107
303	2.1082765042084755
304	2.8435765154099797
305	3.0644779478781228
306	3.065484165251152
307	2.872502249868018
308	2.8721688615537664
309	2.1516084276769574
310	2.2918537448342255
311	2.5801670277994826
312	3.4319376174060374
313	2.033814016327532
314	2.8297021791487236
315	1.8476717348847185
316	2.5801670277994826
317	3.284980301582595
318	2.487713431201704
319	2.022425188938795
320	2.3325077693783873
321	3.013835602645383
322	2.4365510114965683
323	3.094019886466884
324	2.564850535702517
325	2.564850535702517
326	2.4792515193101403
327	3.065484165251152
328	2.2929340208944398
329	2.195328922456345
330	2.3882208458132004
331	2.5618738657635847
332	2.2812912203913736
333	2.960271133840363
334	2.8525721931487196
335	2.938344937855483
336	3.5490422322251196
337	1.2726533677286715
338	2.5075540896487354
339	3.053815360500495
340	3.2687686671088794
341	2.642201051639471
342	2.9315896840701865
343	2.874228429072565
344	2.792660817071306
345	3.139278238974229
346	1.9503459420330076
347	2.5618738657635847
348	2.960271133840363
349	2.692787656217059
350	2.792660817071306
351	2.818314900031355
352	3.193326399524504
353	2.204148377523801
354	2.9087592880380386
355	2.6511438692561233
356	2.806462083050672
357	2.975239115945377
358	2.964088733470936
359	2.8525721931487196
360	2.9315896840701865
361	2.388062920926347
362	3.047336819020899
363	2.627963312515885
364	2.4964347066667676
365	2.7181429233294168
366	2.230341598510343
367	3.30677283007214
368	2.5144798344597663
369	2.985073836718077
370	3.167639419071414
371	2.5968909850548325
372	3.1365696829541627
373	3.2740442191479526
374	2.999644769646607
375	2.5075540896487354
376	2.5572325792486534
377	2.2625446043144084
378	3.2045897869128437
379	2.7181429233294168
380	2.5144798344597663
381	2.8530543711305922
382	2.4624959094088124
383	2.009802710442276
384	3.483980490383163
385	2.957023051252064
386	1.834656495425773
387	3.2953395748115657
388	3.2344116145854453
389	2.7912770467590318
390	2.2286121261108196
391	2.917374798393698
392	2.3325077693783873
393	2.7912770467590318
394	2.2003557379993954
395	3.2262586803215587
396	2.8381276172479826
397	2.23342251068117
398	2.282032460426207
399	1.9048579173429205
400	3.7901408696180416
401	3.2953395748115657
402	2.974730087363335
403	2.8102441592900833
404	2.22146175014513
405	2.8565526639790604
406	3.0617270852516443
407	3.181264040730189
408	2.627963312515885
409	3.163211090406493
410	2.411207730352222
411	2.985073836718077
412	1.8798317436704455
413	2.475818685851665
414	2.633418453694534
415	2.3376429226826647
416	2.7791441966407593
417	2.900958136257472
418	1.899507766603126
419	3.1750372208551765
420	2.388062920926347
421	1.971175250979011
422	2.7791441966407593
423	2.051663090754162
424	3.166025053750198
425	1.9048579173429205
426	2.8809623816422905
427	2.633418453694534
428	1.7829456276876579
429	2.1162411077602306
430	1.3612758403957772
431	2.051663090754162
432	2.8809623816422905
433	2.355051124412394
434	3.827603237896481
435	3.167935345916293
436	2.340271847998196
437	1.6398775677548227
438	2.879630746316612
439	2.22146175014513
440	2.0780884438542553
441	2.005680233438703
442	2.005680233438703
443	2.874471912052366
444	2.4595107533049676
445	3.0569465889812926
446	3.1001036444104226
447	2.7211516235111923
448	2.1998717998581117
449	2.442433756360347
450	2.7642488223918895
451	2.897569774494441
452	2.4595107533049676
453	2.7886317590297782
454	2.8168257359060203
455	2.0780884438542553
456	2.1162411077602306
457	2.6890561791952905
458	2.8565526639790604
459	3.014907361917613
460	2.449219053253513
461	2.866664598312598
462	2.894424914809468
463	3.014907361917613
464	2.3086969965423636
465	2.1920289042658254
466	3.0430248597940674
467	2.331217161977213
468	2.8176543771218454
469	3.0527627177694874
470	2.45810908075174
471	2.22146175014513
472	2.442433756360347
473	2.2929340208944398
474	2.6421073393282817
475	2.45810908075174
476	2.921653211673814
477	2.43120471056366
478	2.951727027355686
479	1.724643834620982
480	3.1651874715665693
481	3.220725074565825
482	2.527329749697322
483	2.1920289042658254
484	3.0527627177694874
485	2.921653211673814
486	2.0273146422629527
487	2.5499198676884176
488	2.894424914809468
489	3.001869936571583
490	2.9956610745460948
491	2.56886313692348
492	3.2936561561078985
493	1.971175250979011
494	2.2122116321340832
495	3.4353841510166756
496	3.0672048310589997
497	2.3898370735826755
498	2.8468392971938363
499	2.7032559132520957
500	2.6890561791952905
501	2.4764953533903014
502	1.8846832685967683
503	1.988352007438539
504	2.2248231432621557
505	2.4094077292305935
506	3.596745973053932
507	2.47389594038898
508	2.5502971931287397
509	2.0216292994972656
510	2.7908801901576687
511	3.0840360975872265
512	2.678060797140811
513	2.5809289387508394
514	2.741353904807057
515	2.695387433762258
516	2.708142573359847
517	2.22146175014513
518	2.382247724208242
519	2.7550822068344165
520	3.002140706033958
521	1.782082436151771
522	2.826077739447878
523	3.1428431676928508
524	2.79914539970835
525	2.2411215948211916
526	2.5575625950072713
527	2.7553700508370715
528	2.2781327935856712
529	2.7259931774671666
530	2.2781327935856712
531	2.521817621876429
532	1.9819476243581955
533	1.845121349875671
534	2.783040787888457
535	2.551161441949886
536	2.647007898077543
537	2.644174504739677
538	2.0211433187255974
539	1.9003561985367412
540	1.9073660669543662
541	2.380155584775348
542	2.009802710442276
543	2.9609730341310136
544	2.644174504739677
545	3.107507027447095
546	2.8024653730798943
547	2.2411215948211916
548	1.724643834620982
549	2.7559923235812125
550	2.7217796354562926
551	2.7908801901576687
552	3.107507027447095
553	2.8013183821600465
554	3.065484165251152
555	2.4360045484499313
556	2.647007898077543
557	2.124175161402527
558	2.2037139245246884
559	2.179360488454983
560	1.6206001717021508
561	2.8445457549978035
562	3.100065345609251
563	1.5733053666189558
564	2.922602575000525
565	2.884863772850038
566	2.9747323754258286
567	2.0446820819563496
568	2.827232477228385
569	2.074356694666281
570	1.5733053666189558
571	3.452482825164241
572	2.8764154720853425
573	2.8013183821600465
574	2.521817621876429
575	2.143916070228088
576	2.489172575051485
577	2.541215493459982
578	2.922602575000525
579	2.143916070228088
580	1.9718141715807458
581	1.9355913015706516
582	2.894842608445804
583	2.6196566570365354
584	2.5886361283149504
585	2.2460769528203346
586	2.345986374526564
587	2.541215493459982
588	2.5676945457019174
589	2.535832709803292
590	2.58646633192834
591	3.493232944701057
592	2.5322499689315237
593	2.6431058743606326
594	2.79914539970835
595	2.6196566570365354
596	2.826077739447878
597	2.370166420837899
598	2.2784056159620665
599	2.9858806109495886
600	1.491160907850875
601	3.0939309103674875
602	2.075478464890697
603	3.0853810954375005
604	2.0523407553499045
605	2.310026806478467
606	1.9079543711818863
607	1.8135679370574826
608	1.4444782670705154
609	2.075478464890697
610	3.395381200274073
611	2.4360045484499313
612	3.260292056216482
613	2.310026806478467
614	2.7217796354562926
615	2.8021135222930504
616	2.0248424457019945
617	1.9890813859836958
618	2.6094353563792017
619	3.1651874715665693
620	3.1333163730186646
621	3.0853810954375005
622	2.733279574016508
623	2.9512171641038587
624	3.174457526454275
625	2.856316257292894
626	2.5374523802181197
627	2.930809945198715
628	3.174457526454275
629	1.9970681353313424
630	2.3889430741398736
631	2.9849801455702454
632	3.0892049228139267
633	2.646638899551367
634	2.0563625179067784
635	2.43120471056366
636	1.9970681353313424
637	2.7592613815461537
638	2.3889430741398736
639	3.239909388136629
640	2.7063686319219884
641	2.5374523802181197
642	2.82583364687014
643	2.319511072915467
644	2.8061432336871284
645	3.0991169892772445
646	2.749408706014612
647	2.768001367755029
648	2.745171575708139
649	3.272415069758991
650	2.530553497240298
651	2.877597366250294
652	3.042383642224168
653	3.388054682865027
654	2.0523407553499045
655	2.1763257014953545
656	1.8135679370574826
657	2.65449168543882
658	2.752469077724991
659	2.8955002668821384
660	1.7829456276876579
661	1.9784693840795557
662	2.852806008996745
663	2.71924923222849
664	1.9718141715807458
665	2.4744491235582053
666	2.530553497240298
667	1.7571179964437649
668	2.733279574016508
669	2.1355959608221804
670	2.0133254272118597
671	2.5676945457019174
672	2.2270984343695517
673	1.627114129044366
674	2.8955002668821384
675	3.14563975722008
676	2.0676621416595102
677	3.454634957907715
678	1.7554452536464311
679	3.174457526454275
680	2.749408706014612
681	1.9784693840795557
682	2.1570006321720814
683	3.248920735257216
684	2.7367958251776754
685	2.5559929916509527
686	1.740992975977294
687	2.268609299749194
688	3.042383642224168
689	2.3490893512437507
690	2.3490893512437507
691	2.4744491235582053
692	2.6015781952074275
693	1.7097514989329765
694	2.2202379052898475
695	2.098840061338823
696	2.8369598209609914
697	1.7097514989329765
698	2.408802670215636
699	2.564242452966243
700	1.8305061447869861
701	2.098840061338823
702	3.0483406343099197
703	2.727345616105624
704	2.9132806465700867
705	2.3706100951276157
706	2.456410358962278
707	2.924242690201796
708	2.0133254272118597
709	2.7803198194523695
710	3.014448509671706
711	2.818813971454695
712	2.159806832919284
713	2.2411215948211916
714	2.9263700803037405
715	2.6200859616028973
716	2.163576650608542
717	2.71844597346433
718	2.8782229736979494
719	3.1567335664268468
720	3.38692817481361
721	2.489172575051485
722	2.9263700803037405
723	2.235446313533969
724	2.880733883103713
725	2.8369598209609914
726	2.235446313533969
727	2.112366556085379
728	2.3175005640585242
729	2.3796825687244434
730	3.5807778218314175
731	2.3706100951276157
732	2.8491165733483936
733	2.4783565161604555
734	2.874004588233041
735	2.995496155725385
736	2.972957101822331
737	2.880733883103713
738	2.159806832919284
739	2.8530919112457918
740	2.9263700803037405
741	2.4232793735319325
742	2.3175005640585242
743	1.915009887918603
744	2.598487800561362
745	3.020794611673953
746	3.2783503353379992
747	2.1570094102394544
748	3.2787412396701834
749	2.33636602796454
750	2.995496155725385
751	2.8765964931987886
752	2.6769757075577334
753	3.10278614688139
754	2.4382417381168273
755	3.580635576333351
756	2.8765964931987886
757	3.159916998558245
758	2.868210488587067
759	2.114580876909669
760	2.8530919112457918
761	1.7496310776134951
762	2.731301924640885
763	2.7698313343675447
764	2.3130785156919833
765	2.874004588233041
766	2.553291151549236
767	2.21564024776767
768	2.584355607101828
769	2.868210488587067
770	3.753352104566479
771	1.7347331565735924
772	2.5314322093875976
773	3.2007373484232517
774	1.924005920320859
775	2.947498540525332
776	2.8491165733483936
777	2.7294143031059286
778	2.0646824808593576
779	2.4861060055383013
780	3.00720592788448
781	3.033154814476631
782	2.5122307312107734
783	2.862259290056502
784	2.118609575599395
785	2.668749074021415
786	2.9425198761491647
787	2.4861060055383013
788	2.028282370612595
789	2.39281513265326
790	1.6206001717021508
791	2.9059712894405645
792	2.6277270519249383
793	2.118609575599395
794	2.0095017248013307
795	2.5624857945669977
796	1.6524235883786262
797	3.021929824246227
798	1.8430117449486119
799	2.0676621416595102
800	2.822588375055763
801	2.7003526676914884
802	3.0924973451853357
803	2.040162299126596
804	2.423186303261219
805	2.494712158339122
806	1.714260191462405
807	2.4162431440736385
808	2.342716070727219
809	3.2856406546167367
810	2.771795158301594
811	2.082613532798727
812	2.4916100720581578
813	1.8378266004409793
814	2.9263700803037405
815	2.1355959608221804
816	2.423186303261219
817	1.915009887918603
818	2.2046132300325914
819	1.9614029857254534
820	3.1326747457777055
821	3.089101854049247
822	2.454273799503991
823	3.0788227314327212
824	2.7521651573821644
825	2.6635317256732565
826	1.978057532164994
827	3.0887131752520105
828	2.5532712155655832
829	2.3889430741398736
830	2.8057762331861045
831	2.7240762002521057
832	2.19992935205358
833	2.6635317256732565
834	3.216050850436635
835	1.7097514989329765
836	2.9208313769228176
837	2.874004588233041
838	2.7192355387105094
839	3.0512919628925452
840	2.4547867439737456
841	3.023208599162712
842	3.7252162543988727
843	2.44568511051129
844	2.7294143031059286
845	2.8756932800383868
846	2.953486683157392
847	3.2528464126131844
848	2.7003526676914884
849	2.7707618769763687
850	1.8476717348847185
851	1.6206001717021508
852	3.4288256429910975
853	2.039521277462865
854	2.25217703436953
855	3.0788227314327212
856	3.201170948257718
857	2.0415510430820603
858	3.368982182648099
859	2.6187718465013954
860	2.5775119722418016
861	2.6451775318874886
862	2.3130785156919833
863	3.023208599162712
864	2.5971612496834946
865	2.834410413196357
866	2.7956783105451484
867	2.3453571485616562
868	3.1752753762246324
869	2.849442379039605
870	2.560960481110175
871	2.1897430494773493
872	3.1752753762246324
873	2.8653159253674163
874	2.25217703436953
875	3.089101854049247
876	2.6399994446070725
877	2.663412813791728
878	3.338314870037769
879	2.1897430494773493
880	2.3453571485616562
881	2.4936302799706858
882	2.983539645207152
883	1.8270467716643322
884	2.2593881900950477
885	2.878489822360389
886	2.975239115945377
887	2.768471224958056
888	3.1825532002690444
889	1.8270467716643322
890	2.767200173689572
891	2.5082473501509472
892	2.857105964309625
893	2.0409880961283826
894	2.0554420518554863
895	2.5323182053338176
896	2.342433193358574
897	2.47870715744352
898	2.767200173689572
899	2.527440334341601
900	2.293276940280234
901	2.767200173689572
902	2.355051124412394
903	2.0333384981924274
904	2.9512171641038587
905	2.680752849299071
906	1.9355913015706516
907	2.4936302799706858
908	1.8173130501283188
909	1.6524235883786262
910	2.878489822360389
911	1.8626071653422855
912	3.125573016932805
913	2.8115737767865587
914	2.8034415122859047
915	2.6159906453401995
916	2.9494226336356166
917	2.727550596391877
918	2.7705694584279037
919	2.7339617971236287
920	2.68677711294313
921	2.555472599342832
922	2.8005643674620515
923	2.729275111250533
924	2.986613370744721
925	2.7339617971236287
926	3.131528524229755
927	2.7897506911591665
928	2.654678726076862
929	3.1088377219750645
930	2.293276940280234
931	2.834410413196357
932	2.250052752300676
933	2.6862857326838787
934	2.6565906241128294
935	1.8309691558453325
936	2.5028184125551034
937	2.2951503057906177
938	3.0575858945221523
939	2.0333384981924274
940	2.7897506911591665
941	3.0618534915092117
942	1.8798317436704455
943	2.9639644659035196
944	2.5394960691421318
945	2.2655399904979276
946	2.239741546656636
947	2.2622356364628757
948	3.0575858945221523
949	3.1150244010716
950	3.262434883600126
951	2.3892277250779284
952	2.5323182053338176
953	2.450424660741676
954	2.9115098897327507
955	1.9076536290516075
956	2.241504187057126
957	2.2655399904979276
958	3.041582663089343
959	2.161397673000482
960	2.9115098897327507
961	3.658463651714472
962	2.768471224958056
963	2.8098818827528405
964	3.041582663089343
965	2.6399807774205746
966	2.5049995419350575
967	2.4916100720581578
968	2.1705675021243738
969	2.5028184125551034
970	2.216303844069273
971	2.443288690410259
972	2.66052589898444
973	3.306068208807704
974	2.6561223438475485
975	2.381808540168538
976	2.508634010592259
977	2.8206678886764807
978	3.072369436200426
979	2.307437574878398
980	2.443288690410259
981	2.8094900624143992
982	3.0056388659547584
983	2.830854479892986
984	1.5246061718138573
985	2.864669872405266
986	2.454273799503991
987	2.938158495365838
988	3.1144354023017287
989	3.079585485105345
990	1.8421811506139631
991	2.827339646662251
992	2.7372402787525694
993	2.2195283562362986
994	3.306068208807704
995	2.3113814513765103
996	3.2239958148507495
997	2.5971612496834946
998	2.864669872405266
999	2.7475712651827044
1000	2.761261920988749
1001	3.227188309051469
1002	3.2105606948503795
1003	2.8258935414053434
1004	2.5233878537977756
1005	2.381808540168538
1006	3.1417638220374893
1007	3.294539519455124
1008	3.1144354023017287
1009	2.3460861837168943
1010	2.502085866222347
1011	2.923012902956055
1012	3.103694087003997
1013	2.3460861837168943
1014	2.66052589898444
1015	2.273697304211214
1016	2.6862857326838787
1017	2.8653159253674163
1018	3.227188309051469
1019	2.7249229025671386
1020	3.3183150811777344
1021	3.1391249048622436
1022	2.926527580894224
1023	3.2105469313748167
1024	3.116258492992149
1025	2.9829987621380525
1026	2.357030717703418
1027	2.7287764607758693
1028	3.0885477728053443
1029	3.221881215108267
1030	3.3087267984428985
1031	3.0539577198096213
1032	2.17245784530394
1033	2.9667656786971452
1034	3.103694087003997
1035	3.3258815746771413
1036	2.6574863001133453
1037	3.080292079457342
1038	2.8297021791487236
1039	2.244360929206251
1040	2.5878494954286415
1041	1.8421811506139631
1042	3.080292079457342
1043	2.6269300768872794
1044	3.215277319171469
1045	2.59118637794666
1046	2.705327411546517
1047	2.9336412755871133
1048	3.0536813187478193
1049	2.9898174944130362
1050	2.312885763944067
1051	2.9336412755871133
1052	1.6813173871061964
1053	3.1869481025747906
1054	2.3863303136305953
1055	3.080292079457342
1056	3.3258815746771413
1057	3.1686545285742973
1058	2.8115737767865587
1059	3.00720592788448
1060	2.5412996803598107
1061	3.145328185086539
1062	2.923012902956055
1063	3.0539577198096213
1064	2.750664142587271
1065	2.7811293625372433
1066	3.497714199943009
1067	3.0384105307497262
1068	1.8115616494068043
1069	2.528208545505846
1070	3.06581056233949
1071	3.1587131761740364
1072	2.9715141834470606
1073	1.5733053666189558
1074	2.5882151472172454
1075	2.5233878537977756
1076	2.7170650430003955
1077	2.990718962546513
1078	1.8339678292087553
1079	2.8178365132960854
1080	1.7497523234700143
1081	3.397780760166233
1082	2.3008136977011215
1083	2.8877584818228677
1084	2.710976881067224
1085	3.1401395081932444
1086	2.6747672824899618
1087	2.012328725803447
1088	2.3475839022470284
1089	2.284043812264903
1090	2.3188188301035555
1091	2.6389772014032293
1092	2.1248177341559122
1093	1.9890813859836958
1094	2.9242376834790482
1095	2.6353864205863733
1096	2.723743892414196
1097	3.0304223306096922
1098	2.2088185457663903
1099	3.3471887538445495
1100	1.9441231125307297
1101	3.037192143624453
1102	2.8217632956620258
1103	3.3471887538445495
1104	1.8827582536124583
1105	1.802077461059009
1106	2.8178365132960854
1107	3.3500286606149903
1108	2.8327736933038445
1109	2.5446515382226367
1110	2.2695162006484573
1111	2.874579967326195
1112	3.2107643754528397
1113	2.7392253742173143
1114	2.848298050417748
1115	2.518715027834941
1116	2.843246952837857
1117	1.4788883756054703
1118	2.2695162006484573
1119	2.7020060163910626
1120	2.778835071114793
1121	3.0304223306096922
1122	2.8479261072876327
1123	1.8115616494068043
1124	2.3188188301035555
1125	1.9084345097795155
1126	2.949208890980948
1127	3.199127233638959
1128	3.1427787029566034
1129	2.394906222448308
1130	2.9188954610358593
1131	3.363202135819841
1132	2.8468550618633097
1133	1.7497523234700143
1134	1.985337363740279
1135	2.8285865915954664
1136	2.342433193358574
1137	2.5446515382226367
1138	2.0655378876024995
1139	2.735841579636447
1140	2.1248177341559122
1141	2.3719191563139708
1142	1.997134260585402
1143	3.093103608262843
1144	2.9278818119970706
1145	2.68677711294313
1146	2.422216831907653
1147	2.76992024115713
1148	2.8468550618633097
1149	2.753085479613481
1150	2.9662168606646797
1151	2.5826125108974143
1152	3.1009692421727495
1153	2.674115142046563
1154	2.4496514703966454
1155	2.4222766204025863
1156	3.466638611288891
1157	2.25173929379783
1158	2.8099335177295908
1159	2.4261300151435976
1160	2.2500180146907116
1161	2.7324192329738413
1162	2.1680227890402985
1163	2.4834748767954067
1164	2.1177855747061285
1165	2.2552632906447045
1166	2.723743892414196
1167	2.386583743659846
1168	2.674115142046563
1169	2.0655378876024995
1170	2.088516702280528
1171	2.528208545505846
1172	2.647964580530137
1173	1.9325789074489044
1174	3.114158530307938
1175	2.8327736933038445
1176	2.3828755292463795
1177	3.1799141974311382
1178	2.0403306227630735
1179	2.647964580530137
1180	2.7452347019597054
1181	2.25173929379783
1182	2.843641091490678
1183	2.852372990751449
1184	2.4769015880647136
1185	3.401217092536969
1186	2.518715027834941
1187	1.7517739006780713
1188	1.9062475246170436
1189	2.2760701116899646
1190	3.401217092536969
1191	2.7071131733292337
1192	2.1290029061470714
1193	2.5559929916509527
1194	3.3038355911771466
1195	2.8678115462946407
1196	2.090147537828686
1197	3.1785302021542297
1198	2.5109943461205084
1199	2.3828755292463795
1200	3.0712425186433934
1201	3.076254845949273
1202	3.0801833340407723
1203	3.0858424207769826
1204	3.3038355911771466
1205	3.114158530307938
1206	3.0821584650180376
1207	2.8040805332611134
1208	2.949208890980948
1209	2.9626921060768656
1210	3.402680668424235
1211	2.0819249380232128
1212	3.1799141974311382
1213	3.23861406675726
1214	2.4832348656673027
1215	2.6661697038216214
1216	2.5114736160201163
1217	2.422216831907653
1218	2.820067749864809
1219	3.058573925875454
1220	3.128335813724726
1221	2.535676799870732
1222	3.0531290600080596
1223	2.481632910394516
1224	2.859306698483471
1225	3.23861406675726
1226	3.25458398917605
1227	3.0161017742273692
1228	2.309303997231577
1229	2.9100841570798406
1230	3.058573925875454
1231	2.5721558476644835
1232	3.1282252049832695
1233	2.7372402787525694
1234	3.2464304610688943
1235	2.2270844882681846
1236	1.4764991307216873
1237	2.9100841570798406
1238	2.5387321334746535
1239	2.5869246369575043
1240	3.2805680098626744
1241	2.9278818119970706
1242	3.2451085991289212
1243	3.2239234707873785
1244	2.8775848795910552
1245	2.8300174646944036
1246	2.2760701116899646
1247	3.089101854049247
1248	2.834515347119454
1249	2.507792355327646
1250	2.4769015880647136
1251	2.3666735296574015
1252	2.166029865752502
1253	3.2805680098626744
1254	2.481632910394516
1255	1.9070439646439188
1256	2.3436013778568223
1257	2.090147537828686
1258	2.134978667798418
1259	2.787627521739074
1260	1.661274891570953
1261	2.8634427163576155
1262	2.3666735296574015
1263	2.647964580530137
1264	2.6329667790247857
1265	3.1282252049832695
1266	3.2239234707873785
1267	2.647964580530137
1268	2.6478813901798945
1269	1.8619028476028023
1270	2.588132638559105
1271	1.9494516392843915
1272	3.056466012391727
1273	3.434790547620802
1274	2.3706100951276157
1275	3.0575858945221523
1276	2.7362867950227643
1277	3.0540311785219343
1278	1.6184345873844372
1279	2.781830557511342
1280	2.5438940187591914
1281	2.8625122315015963
1282	3.269710370624091
1283	3.253168825569835
1284	1.9200653582850111
1285	2.77835221149617
1286	2.76992024115713
1287	3.315934660542827
1288	3.277461033248345
1289	1.8619028476028023
1290	2.80927188994861
1291	2.647964580530137
1292	3.3331638047515297
1293	2.8775848795910552
1294	2.8978611035028856
1295	2.612978223729868
1296	2.450781448002633
1297	2.971365015830108
1298	2.7641359411712125
1299	2.727852287758953
1300	3.122347016799637
1301	2.700544474774582
1302	2.6622610523929486
1303	2.9767975873435426
1304	3.513784203578497
1305	2.6164779417149404
1306	2.198351499603225
1307	2.580278840416391
1308	2.7641359411712125
1309	2.6329667790247857
1310	2.6622610523929486
1311	3.1244490412841377
1312	2.9394029320866073
1313	2.7215846179759855
1314	2.3026739294087424
1315	3.9100975079094713
1316	3.1286162697415856
1317	2.7405711404697843
1318	3.404095524726444
1319	2.1273790543132254
1320	2.6767701356218447
1321	2.0825734188149676
1322	2.843246952837857
1323	3.1244490412841377
1324	2.381762193446147
1325	2.4076964540614814
1326	3.005067882923862
1327	2.7003654726528463
1328	3.176485288520791
1329	3.0858424207769826
1330	1.9960661296326936
1331	3.5594630688634865
1332	2.5076391270941336
1333	3.384067888515236
1334	3.4281894841200136
1335	3.176485288520791
1336	3.4917966221798773
1337	2.0180942936011723
1338	2.852372990751449
1339	3.74018137925197
1340	2.524698497105237
1341	3.434790547620802
1342	2.990718962546513
1343	3.0531290600080596
1344	2.6759959933009254
1345	2.7802476393701565
1346	2.4233363073191967
1347	2.3073971324396156
1348	2.3073971324396156
1349	2.9893973294024137
1350	3.1911269327297447
1351	3.1867563827547913
1352	2.4226331637331575
1353	2.572335477392789
1354	3.09238690318669
1355	2.4079700585922623
1356	2.8468765611802436
1357	2.6481753266814545
1358	2.088516702280528
1359	2.612978223729868
1360	3.1911269327297447
1361	2.324057635263862
1362	2.5125532763884224
1363	2.6065036902961056
1364	2.199350055049264
1365	3.1699507427803613
1366	2.971365015830108
1367	2.8040805332611134
1368	3.3332008321414666
1369	2.7151602896535607
1370	2.7452347019597054
1371	3.3621176089999567
1372	2.8300174646944036
1373	3.0335908654358845
1374	2.418808467846553
1375	2.8468765611802436
1376	2.9034146650890076
1377	2.524698497105237
1378	3.1954938606014016
1379	2.7744640137052863
1380	2.524698497105237
1381	2.868823714730643
1382	2.857105964309625
1383	2.558770404432653
1384	3.0523789118804636
1385	2.174630316864593
1386	2.8685765274947475
1387	3.0083423634698137
1388	2.4426800887089786
1389	3.404095524726444
1390	3.1140391583146827
1391	2.5085852568832645
1392	3.240172112116737
1393	3.2030021518354883
1394	3.3621176089999567
1395	2.814885123455148
1396	2.524698497105237
1397	1.9167929303138633
1398	2.7291514752867645
1399	2.4426800887089786
1400	3.11119943327632
1401	1.9561471727630586
1402	2.4298178393414935
1403	2.787627521739074
1404	2.324057635263862
1405	3.050481919018202
1406	2.3623527519132272
1407	2.49456711318844
1408	3.3270281251651888
1409	2.199350055049264
1410	3.363202135819841
1411	3.277203601535147
1412	2.717945867739434
1413	2.710070942111426
1414	3.012144426899893
1415	2.356109174588565
1416	2.9173290133757823
1417	3.060655867997899
1418	2.3623527519132272
1419	2.6495725172375284
1420	3.1102408068107703
1421	2.8587116483993653
1422	3.3665374132141705
1423	2.562429311738274
1424	2.2573020121865657
1425	3.3383505786745165
1426	3.121359896499808
1427	3.0578590696172894
1428	2.294995542832299
1429	2.2500827981759897
1430	3.09238690318669
1431	2.1222346101505876
1432	2.7744640137052863
1433	1.9167929303138633
1434	3.2037102316851467
1435	3.0523789118804636
1436	3.037936518669671
1437	3.0129778187664593
1438	2.339458114715793
1439	3.1764597225603546
1440	3.121359896499808
1441	1.9355754528609768
1442	2.875494448500131
1443	1.837522094008826
1444	3.1894731248256316
1445	3.1256627449753482
1446	2.717945867739434
1447	3.121359896499808
1448	2.3281403735437145
1449	1.7677207247050903
1450	3.065798825674415
1451	3.312694246239098
1452	1.9355754528609768
1453	2.507792355327646
1454	2.809071145444153
1455	2.3799649367375393
1456	2.2438660606021172
1457	2.0216292994972656
1458	2.9214024882870078
1459	2.5001145603372805
1460	2.6203860938905965
1461	2.897064038507617
1462	3.033481889870528
1463	3.3303334510345977
1464	2.4916703850074624
1465	1.9960661296326936
1466	2.1177855747061285
1467	2.817036224150622
1468	3.6131882850428614
1469	3.1368059887426174
1470	2.7852440524843876
1471	3.199243310055227
1472	1.9325789074489044
1473	2.809071145444153
1474	2.231059825194516
1475	3.199243310055227
1476	2.841831381640694
1477	2.6972197674923963
1478	2.297171774543508
1479	3.089230983007219
1480	3.0858424207769826
1481	1.8827582536124583
1482	3.398354792058964
1483	1.9960661296326936
1484	2.85900411780314
1485	2.5743383556911863
1486	2.5438940187591914
1487	2.7191605991408583
1488	2.898358206387927
1489	2.732720484319356
1490	2.5652916091306603
1491	2.1466732911336277
1492	1.849026945162886
1493	1.6185168500141691
1494	2.726834910624476
1495	3.356454802519631
1496	2.25173929379783
1497	2.6478813901798945
1498	2.691402391329636
1499	3.1256627449753482
1500	2.7579316577516613
1501	2.3924764033814405
1502	2.8646528447359363
1503	2.8773670410231134
1504	2.841831381640694
1505	2.9298452659193512
1506	2.3922633364557955
1507	2.89807542695159
1508	2.792845709250219
1509	3.395229209539881
1510	2.3237955272860726
1511	2.732720484319356
1512	3.107862357248892
1513	2.1273790543132254
1514	2.2462890901380566
1515	2.621632309984782
1516	2.711115947082576
1517	2.969832591811865
1518	2.273548588332657
1519	3.1602600375088534
1520	3.4473299811469804
1521	2.628771489536658
1522	2.171485844107289
1523	3.0201883194012993
1524	2.758958468653992
1525	3.450680714812721
1526	3.006734549139474
1527	3.105263522639427
1528	2.6252415331742016
1529	2.919370191112283
1530	3.189187463553231
1531	2.1477444753502497
1532	2.680668688955752
1533	2.6307612719925233
1534	3.0400784005925185
1535	2.7018433747509514
1536	2.8685765274947475
1537	2.4276233164816725
1538	2.741743313766862
1539	2.89807542695159
1540	2.8347476504450495
1541	2.1423403102107
1542	2.171485844107289
1543	2.0352539562725487
1544	1.6643652548632262
1545	2.5743383556911863
1546	2.460905911096126
1547	2.4698798081195354
1548	2.5178937394777985
1549	1.9697849160473886
1550	3.0659998643170487
1551	2.4561079886219876
1552	2.8204637894973823
1553	2.5808214517564236
1554	3.1587072821631463
1555	2.1418280359744757
1556	3.2593858535593836
1557	2.621632309984782
1558	2.411535355240413
1559	2.1326509962821434
1560	1.779879841284313
1561	3.3356857274443468
1562	2.778606071004378
1563	3.087703946455112
1564	3.2766388031483284
1565	2.726834910624476
1566	1.9634900130421382
1567	3.198393522597019
1568	2.4561079886219876
1569	2.4298178393414935
1570	2.67109592216739
1571	3.629964557948459
1572	1.7274605757096833
1573	2.7261338859332134
1574	3.182483702501384
1575	2.3373003421103045
1576	2.8615582545212623
1577	3.0306155113795614
1578	2.149042135713593
1579	2.898358206387927
1580	3.6219794308805047
1581	2.026143892839355
1582	2.284043812264903
1583	2.1463907875820123
1584	3.311139042634657
1585	2.8978912493554114
1586	2.7437194555109143
1587	3.0412728366565647
1588	3.0858424207769826
1589	1.9030382696664323
1590	2.605837283314905
1591	2.2680850653146805
1592	2.29926046736829
1593	2.540223700806212
1594	2.4770528451401486
1595	2.616143233814042
1596	3.107862357248892
1597	3.026872761693048
1598	2.917159020562011
1599	3.3113045701650843
1600	2.5082473501509472
1601	2.0457102386645336
1602	3.345278644106968
1603	2.746739460339603
1604	2.2680850653146805
1605	2.565798817247772
1606	2.714430501318396
1607	2.7579617163819914
1608	3.234019502889345
1609	3.0750007513048776
1610	3.0306155113795614
1611	1.9634900130421382
1612	2.771795158301594
1613	3.0310696746459938
1614	2.659744337527094
1615	2.249264340816472
1616	2.2462890901380566
1617	2.9571042626261335
1618	2.937767450566449
1619	2.567762485157951
1620	2.0831155865474082
1621	2.9259559344050756
1622	2.3467200116927174
1623	2.4341416521282406
1624	2.837527799814652
1625	2.4467236037179614
1626	3.2844838907619636
1627	2.9155419220673284
1628	2.915994374119908
1629	2.6432229128165328
1630	2.691402391329636
1631	3.073689051284525
1632	2.114580876909669
1633	2.8719353393096183
1634	2.99517820630502
1635	2.659185071164735
1636	3.0337495265606154
1637	2.994759960680121
1638	3.0923747681403086
1639	3.4043427798936627
1640	1.706147845645298
1641	2.4744491235582053
1642	1.779879841284313
1643	3.0523789118804636
1644	2.798412992505534
1645	2.6767701356218447
1646	2.331447527645556
1647	3.4102311504260827
1648	2.875494448500131
1649	2.260219896711445
1650	2.790503034428951
1651	2.176286106569645
1652	2.243190234889857
1653	2.915994374119908
1654	3.182483702501384
1655	1.4444782670705154
1656	2.680668688955752
1657	1.7716134332139115
1658	2.798412992505534
1659	2.8523848652756665
1660	2.9129182580379926
1661	3.015902699591549
1662	3.1535144350203894
1663	2.6673951730589778
1664	3.097304453763474
1665	2.5890039447400213
1666	2.8851534371705516
1667	2.6109197452634723
1668	3.3222466314809345
1669	3.0436403632071465
1670	3.4383497667224296
1671	2.607593664780227
1672	3.1535144350203894
1673	3.284530899179388
1674	1.6556690350986332
1675	2.257374338690291
1676	3.0858424207769826
1677	2.4449227799955953
1678	2.5701962060014627
1679	2.6344851534647673
1680	3.2032834065734352
1681	3.3385314684851517
1682	2.841580369576418
1683	2.7036645680067286
1684	1.682217378734463
1685	2.917159020562011
1686	2.6574324612641758
1687	2.296111171020659
1688	1.795854962961172
1689	1.9840283270225094
1690	1.9392892010860014
1691	2.40159979887929
1692	2.8678115462946407
1693	1.9561471727630586
1694	2.5519124271603584
1695	2.3756598096391857
1696	2.7802476393701565
1697	2.7187410535050525
1698	3.6968144242397765
1699	2.4449227799955953
1700	2.355897502353363
1701	2.1330571407559877
1702	3.342173089381353
1703	3.097304453763474
1704	2.607593664780227
1705	3.14372613147819
1706	3.0335908654358845
1707	2.3342936068156965
1708	2.8150253308720288
1709	2.3637614213325655
1710	3.1054135318761413
1711	2.7743067721439005
1712	2.7651896338053947
1713	2.659124070498698
1714	2.220482242056003
1715	3.011797894354763
1716	3.418421380667299
1717	3.3171665344792562
1718	2.1821100406752647
1719	2.188447340120944
1720	2.298610282041485
1721	2.9272773009772823
1722	3.1204930012185996
1723	2.860048371665334
1724	3.332172436358537
1725	3.1073736655372826
1726	3.0436403632071465
1727	2.866847077768779
1728	2.7803246243430255
1729	2.40159979887929
1730	2.999910392098433
1731	3.376728351131363
1732	2.758958468653992
1733	2.6972297792629414
1734	2.5652916091306603
1735	3.1204930012185996
1736	2.814885123455148
1737	2.265744926071137
1738	2.430928000736802
1739	2.188447340120944
1740	3.2451060143726314
1741	2.669199256418139
1742	3.0054763519393415
1743	3.1143483562892067
1744	2.743337307424069
1745	2.4353603273925803
1746	3.145328185086539
1747	3.4438020048966815
1748	3.0214786165833574
1749	2.39506011194318
1750	3.3638390917406817
1751	2.054449987557434
1752	2.248056157542918
1753	2.174630316864593
1754	2.873913235966543
1755	3.2162241890219168
1756	2.476474237914541
1757	2.698965569364633
1758	2.669199256418139
1759	3.0410046404671034
1760	1.9331088881766312
1761	2.8795858826872203
1762	2.7735132556424555
1763	3.1143483562892067
1764	2.9900261818495304
1765	3.3216745589977807
1766	3.0528093037397417
1767	2.2063261435779955
1768	2.6972297792629414
1769	2.5701962060014627
1770	3.3945225019923058
1771	2.6575526574064376
1772	2.4353603273925803
1773	2.815699315580532
1774	3.166829658495804
1775	3.2451060143726314
1776	1.795854962961172
1777	3.256786721059393
1778	2.5354496906449255
1779	2.422330510698251
1780	3.0716966939663064
1781	2.5193806924388102
1782	3.1204930012185996
1783	2.240457738250672
1784	2.993994007458213
1785	2.2063261435779955
1786	3.211596753053423
1787	3.3888454358700737
1788	3.2778147019431945
1789	3.6362810554110894
1790	2.892829388136303
1791	2.5973785756526317
1792	3.322550376513563
1793	3.1244490412841377
1794	3.401533549423339
1795	3.3477343900168925
1796	1.9160716187969076
1797	2.552628198514199
1798	3.101211789600419
1799	3.166829658495804
1800	2.10210808990918
1801	2.1888955713163214
1802	3.0965682259888325
1803	3.142766560987432
1804	3.0849312365536403
1805	2.244507204977719
1806	3.070898306185531
1807	2.851965091049704
1808	2.647449912271493
1809	2.9378398969251656
1810	2.7018433747509514
1811	2.524698497105237
1812	2.811957853789564
1813	2.771013413958148
1814	2.06156306016803
1815	2.347585853350981
1816	2.7602322514824897
1817	2.7450752801270157
1818	2.625630230949745
1819	3.033481889870528
1820	2.568897511968281
1821	3.166829658495804
1822	2.9571781577713874
1823	3.103361349168813
1824	2.3321381785348247
1825	1.8494194995553321
1826	1.7544813006561912
1827	2.046323367578266
1828	3.177264796022286
1829	2.4587339711968785
1830	2.964798775111665
1831	2.8982952483750397
1832	3.3016955315992935
1833	3.398354792058964
1834	3.3169454758642707
1835	2.738167157372023
1836	3.443477143192342
1837	3.1204930012185996
1838	2.7651896338053947
1839	2.873913235966543
1840	3.115981249831822
1841	3.254858121840256
1842	2.8204637894973823
1843	3.1204930012185996
1844	2.7270246933237225
1845	2.4587339711968785
1846	2.957348453690492
1847	3.2528376667710095
1848	2.9571781577713874
1849	1.5246061718138573
1850	2.873050594015594
1851	2.774033000058714
1852	3.0241283107927415
1853	2.92899826526294
1854	2.8555227248808337
1855	2.6081884811992264
1856	2.922755831091752
1857	3.230325064344738
1858	1.8868608319619575
1859	3.401533549423339
1860	3.0716966939663064
1861	3.217021048275987
1862	2.9224151953297137
1863	1.4764991307216873
1864	2.6575526574064376
1865	2.450424660741676
1866	2.873050594015594
1867	3.3503292028696086
1868	3.4498325028593646
1869	2.3342936068156965
1870	2.2070284495862906
1871	1.955250190825806
1872	3.254858121840256
1873	3.3606082294980797
1874	1.6185168500141693
1875	2.3637614213325655
1876	2.0890785822703117
1877	1.3713123741535151
1878	3.239238956045094
1879	3.1768227179241464
1880	3.1166375013921694
1881	2.8831362304714783
1882	2.873916192409114
1883	3.115556788897918
1884	2.7036645680067286
1885	2.652525350493861
1886	2.4834748767954067
1887	3.2197019925159407
1888	2.704529033935378
1889	2.63577395067763
1890	3.27447689098916
1891	3.313725127392105
1892	2.7450752801270157
1893	2.266242015069299
1894	3.7233184532374204
1895	3.2664681601710663
1896	2.9378398969251656
1897	2.7771100381924514
1898	3.273878375687567
1899	3.520487625298097
1900	3.4333356555769403
1901	2.2969694728103347
1902	2.7772791807881645
1903	3.2528376667710095
1904	2.529390615455533
1905	3.3833721802828336
1906	2.394256231006423
1907	2.185179801275627
1908	3.337328991079618
1909	3.244475381895714
1910	2.6641433220977073
1911	2.659965914464499
1912	3.0958810342252625
1913	3.2788350711676544
1914	3.26592216323196
1915	3.408696047273832
1916	2.8655182129494907
1917	3.1535144350203894
1918	3.0788952320269
1919	3.0972626864026886
1920	3.0809301644378824
1921	3.0115084481540366
1922	2.690071608064109
1923	2.86659261959097
1924	3.1204930012185996
1925	3.1204930012185996
1926	3.1204930012185996
1927	3.189567588540926
1928	3.0849312365536403
1929	2.3429021682993665
1930	2.3218179491874
1931	2.266242015069299
1932	2.2188083587448952
1933	3.3016955315992935
1934	2.499658016946532
1935	3.3939392787449654
1936	3.313725127392105
1937	3.443310035576165
1938	3.103361349168813
1939	2.5354496906449255
1940	2.8655182129494907
1941	2.86653557362228
1942	2.4248611105486493
1943	3.115556788897918
1944	2.185179801275627
1945	2.801169808450638
1946	2.922755831091752
1947	2.7881480478424905
1948	3.252146238860455
1949	3.5875762197139016
1950	2.993490471460753
1951	2.988092379217561
1952	3.39085795091415
1953	3.09613646373385
1954	3.517276223097354
1955	2.8685765274947475
1956	2.396245427370553
1957	2.066118342376741
1958	3.317376764751898
1959	2.786549992127968
1960	3.244475381895714
1961	2.0455710709005794
1962	3.0182146969419557
1963	3.1876361531058346
1964	3.6342186160100662
1965	2.801665046012717
1966	3.075529783423063
1967	3.2197019925159407
1968	3.1069719677122447
1969	2.6046047711961657
1970	3.1204930012185996
1971	2.70913844888808
1972	2.659965914464499
1973	2.6081884811992264
1974	2.3429021682993665
1975	2.2070284495862906
1976	3.3833721802828336
1977	2.7771100381924514
1978	2.4698798081195354
1979	3.075529783423063
1980	2.0180942936011723
1981	3.2844838907619636
1982	2.3218179491874
1983	3.0528093037397417
1984	2.851965091049704
1985	2.6495725172375284
1986	3.103361349168813
1987	2.9298452659193512
1988	3.383240887408563
1989	3.2905998039356317
1990	2.627963312515885
1991	3.2788350711676544
1992	2.786549992127968
1993	2.8983050828428314
1994	2.1290029061470714
1995	2.249264340816472
1996	2.7716253632454637
1997	3.1204930012185996
1998	2.9829987621380525
1999	3.114515413843527
2000	2.8327639011091073
2001	2.6641433220977073
2002	3.1204930012185996
2003	3.0337495265606154
2004	3.09613646373385
2005	3.443310035576165
2006	3.0851762753262792
2007	2.248056157542918
2008	2.988092379217561
2009	2.2088185457663903
2010	2.811957853789564
2011	2.7191605991408583
2012	2.6565906241128294
2013	3.021929824246227
2014	2.312885763944067
2015	2.96262177499643
2016	3.166829658495804
2017	2.937767450566449
2018	3.10961676225349
2019	2.2188083587448952
2020	2.8331507728133456
2021	3.1204930012185996
2022	2.540223700806212
2023	3.3606082294980797
2024	2.86653557362228
2025	2.741353904807057
2026	2.8312039268515226
2027	2.3924764033814405
2028	2.7405711404697843
2029	3.230325064344738
2030	2.774033000058714
2031	2.710070942111426
2032	2.8851534371705516
2033	3.2037102316851467
2034	2.7830318323734993
2035	3.4469053500304034
2036	2.750664142587271
2037	2.3467200116927174
2038	2.3342936068156965
2039	3.120854964302872
2040	2.297171774543508
2041	3.517276223097354
2042	3.2848349769772467
2043	3.1869481025747906
2044	2.9679592733865254
2045	1.9840283270225094
2046	1.9960661296326936
2047	3.221881215108267
2048	1.837522094008826
2049	2.6065036902961056
2050	2.8586263633078666
2051	1.7716134332139115
2052	3.408696047273832
2053	2.659185071164735
2054	1.9890813859836958
2055	3.202193927850872
2056	2.957348453690492
2057	3.215277319171469
2058	2.999910392098433
2059	2.599731841608033
2060	2.6561223438475485
2061	2.2460769528203346
2062	2.294995542832299
2063	3.005677749872363
2064	3.0335908654358845
2065	2.216303844069273
2066	3.103361349168813
2067	2.2706465485025125
2068	3.39085795091415
2069	2.5085852568832645
2070	2.82583364687014
2071	1.845121349875671
2072	2.678063642506504
2073	2.144113481438706
2074	1.7829456276876579
2075	2.8150253308720288
2076	2.768001367755029
2077	2.652525350493861
2078	1.9003561985367412
2079	2.801665046012717
