0	2.236460356208993
1	2.940567633306582
2	2.5004227799716365
3	3.4273019523475994
4	2.6555855921528644
5	2.406188883827697
6	2.6832947604380646
7	2.454754480274728
8	3.5987091567684475
9	3.224614542246466
10	2.845369848764393
11	2.5880395419275346
12	3.151136131576092
13	2.6087255865926893
14	2.413565265264109
15	2.223923104829855
16	2.841234124263432
17	2.7343884322391103
18	2.4921316413722465
19	2.2437224054060234
20	2.882931527105478
21	2.4173603378992663
22	3.271761290460381
23	3.4038934101352676
24	2.5905340004785025
25	3.058612487600484
26	2.88276063944044
27	1.639956343485795
28	2.6746218801686674
29	2.474870300107338
30	2.0841334768437347
31	2.675160199519643
32	3.0530075424024474
33	3.135697168138371
34	2.3393693108736455
35	2.9867772296280237
36	2.8472489905649994
37	3.101368958104978
38	2.861495045971068
39	3.1094147389210844
40	2.2764452259237733
41	2.7501742795154818
42	2.7025887294429265
43	2.701785981212583
44	2.2944681282290427
45	2.929990712739245
46	2.4816192244738207
47	2.916284086898544
48	2.992740573006821
49	2.4966124455844523
50	2.9081698368058713
51	2.038849246183085
52	2.370466703271846
53	2.760695692856658
54	2.5126771156021332
55	3.2730169331721073
56	3.5630122582187918
57	2.6036573990548177
58	2.1710652198970197
59	2.7183320730402385
60	3.0087913867829315
61	3.4205032831881415
62	2.4892336868555507
63	1.7121250859512434
64	2.536421623224045
65	2.7762634360761944
66	2.4302425197288717
67	2.2228458512308404
68	3.1562908294454144
69	2.27322225787523
70	2.9144616665946095
71	2.912903622165986
72	3.0131247940218264
73	2.4302425197288717
74	3.153126008386501
75	2.8243934849281187
76	3.105250264698362
77	2.029553717006653
78	2.4889175804678922
79	2.9989329811338354
80	2.58580352828197
81	2.77211338444988
82	2.59435038800729
83	2.549899076796464
84	2.9319144216260886
85	2.0862028796748686
86	2.9220063886577674
87	2.8066919105969874
88	2.0443090782100946
89	1.539895064999841
90	2.0185108668142773
91	3.2644443666179055
92	2.3772203996874826
93	2.8269525869246817
94	3.117136318679669
95	2.5664122766384003
96	2.8860767534355136
97	2.4004309243397772
98	2.5430056325808574
99	2.3082611657282435
100	2.9915060490505807
101	1.3745791745229625
102	2.1999076607785804
103	2.825998050868758
104	2.0768057339761525
105	2.7585638796002767
106	2.7844423294080842
107	2.89273830270406
108	2.714607211014105
109	3.2369410877140723
110	2.06963749868248
111	2.835807640252924
112	2.7874947148609435
113	2.529577828664547
114	2.7052967643261283
115	2.0329471238620345
116	3.4193809946932303
117	3.1538145542350695
118	3.222261001865016
119	2.907066062033854
120	2.4300536732407787
121	2.743976261927048
122	2.5311903119358514
123	2.0750986044927573
124	3.3794315898691867
125	2.822337208875543
126	2.932044428276892
127	2.6787429293598954
128	3.1052542964236105
129	2.949343853605761
130	2.2780748359611644
131	2.1926630928517232
132	2.719456133170381
133	2.713455451653683
134	2.7849804458296368
135	2.9869682816196796
136	2.0051049260847447
137	2.3524692751727225
138	2.3417316867169125
139	2.8348283937759904
140	2.799497862570266
141	2.7421205405407636
142	3.1167401439947358
143	3.1794594594861283
144	2.415705728439753
145	1.9480709327633288
146	3.3228739691784694
147	2.4729133096364793
148	2.6586877377294416
149	3.2484103557187596
150	2.499824398692901
151	3.024893581009666
152	1.9275557462139912
153	2.189002663452211
154	2.939216335519395
155	2.774914166939595
156	2.5235045980086257
157	2.49959583394378
158	2.6894806502139676
159	3.057088519400707
160	1.3853393724526943
161	2.9037255160617708
162	2.4708074494623493
163	2.291762238738719
164	2.8349958364999055
165	3.6748488074014616
166	2.113520526124741
167	2.6637993882741213
168	2.488832507048438
169	2.9887556851058115
170	2.3574051378724787
171	2.912938632561123
172	2.185482571884686
173	2.390095329526413
174	3.177555023650845
175	2.5001552592330447
176	2.7886573859630137
177	2.536827589664387
178	3.177555023650845
179	2.657064541140237
180	2.5578059114928666
181	2.405981040332598
182	2.643124431765478
183	2.259279404701023
184	2.8257663453279354
185	2.730751243591022
186	2.408983210977789
187	2.33600001301677
188	3.4244113961989044
189	2.8760920547662696
190	3.300168366550989
191	2.107219191502845
192	2.042585561332078
193	2.1872702719548878
194	2.1145374949747677
195	2.833708074147831
196	2.1521818151607492
197	2.69202119406371
198	3.0709165583880123
199	3.0008822871769687
200	2.62278998141712
201	2.63185206109267
202	1.975931350733201
203	1.7811056478672285
204	2.563295580263303
205	3.092925120324041
206	3.0928860005900534
207	3.288662858871145
208	1.8124486159118125
209	2.1533282946328556
210	2.676000076412542
211	2.8411186268508817
212	1.639956343485795
213	3.1677874315643537
214	2.8635478295289216
215	2.943359491091003
216	2.8709951366738604
217	2.2855289452806424
218	1.9157319683718441
219	3.110945546266594
220	2.4597512455034636
221	2.967376662233283
222	3.1858759999568624
223	2.8428265800089876
224	2.88951816390328
225	2.122191165862488
226	3.065586735080365
227	3.060610895688905
228	2.884133864712942
229	2.160704815365805
230	2.5750849308707444
231	2.05681100814434
232	2.824877679687209
233	1.857854633547623
234	3.301739072448409
235	2.508688049820028
236	2.338436523646646
237	3.025636665291964
238	2.4460601222645915
239	3.1159246316362506
240	2.5698876334958554
241	2.466472424051903
242	2.290820156202262
243	2.381931405049252
244	2.54907701297144
245	2.2829140337967826
246	2.955473097580589
247	2.8435416658754127
248	2.958281051018032
249	3.5562701179657172
250	1.2847429743424241
251	2.508012413403668
252	3.064598964929889
253	3.2841736678687927
254	2.6556877642257612
255	2.9326204555863193
256	2.8715799116786833
257	2.8173676787941324
258	3.159561111969036
259	1.9468639599642878
260	2.695132666729867
261	2.845935749826844
262	3.228374181964232
263	2.220226868576006
264	2.9104305175007643
265	2.668538004723896
266	2.823681841892745
267	2.9746302632773878
268	2.9691717137781866
269	2.391640955037252
270	3.055551985383545
271	2.6128181617662816
272	2.7152925947733526
273	2.223923104829855
274	3.3238515830196134
275	2.512068794410378
276	2.988008767371002
277	3.177322114763299
278	2.5982724673452053
279	3.1563085924572842
280	3.302891309043057
281	3.0132565487198426
282	2.5786939116502134
283	2.2647522059876715
284	3.2170540587714855
285	2.8622592765786936
286	2.4801578602485153
287	3.498661306068124
288	2.9675143612516584
289	1.8408517409752112
290	3.3015591526166035
291	3.2510537165561586
292	2.8015487884900905
293	2.224972451273369
294	2.902487997613541
295	2.2132792633726917
296	3.2326791912309467
297	2.861485623187088
298	2.2258842880440133
299	2.287558947214948
300	1.916505695079631
301	3.806467740541151
302	2.9894751122885466
303	2.821347708599139
304	2.2135609790280713
305	2.849298645075532
306	3.081596630235461
307	3.2016745871414205
308	3.1795997572422863
309	2.441186672885845
310	1.8882019547277822
311	2.4713538010705514
312	2.6359555470944778
313	2.345386139285248
314	2.781840958880329
315	2.916964075563278
316	1.912234665212616
317	1.969450551038026
318	2.0443582624037133
319	3.172605727919458
320	2.871763687794086
321	2.1200402574248236
322	1.3679121764699305
323	2.3638079627326993
324	3.8508405497233062
325	3.1743643160586728
326	2.347428586130991
327	1.639956343485795
328	2.8945939889802283
329	2.2135609790280713
330	2.0777530545237926
331	2.008652524785609
332	2.888858006245165
333	2.4671599254704737
334	3.072573762406062
335	3.115072215719467
336	2.734450795225868
337	2.2079014051915813
338	2.4534116197537665
339	2.777488625588838
340	2.906570757372825
341	2.7976789945658664
342	2.8282067745011714
343	2.6922265830839445
344	3.024408293481698
345	2.458635323915389
346	2.8829285977457353
347	2.9030544310743283
348	2.3224079688097987
349	2.1834833650566603
350	3.0597279971798357
351	2.324615824656127
352	2.8317938195594357
353	3.061286658688076
354	2.4546977904564167
355	2.6503627139216293
356	2.9242135114332375
357	2.4364670628595193
358	2.942078174721374
359	1.7306810787100186
360	3.1694513442771153
361	3.229290188669251
362	2.5233059018795383
363	2.0577449804406562
364	2.56439906321583
365	3.0058760589707054
366	3.0076835438194927
367	2.5607644498380533
368	3.297721716716487
369	2.215497809623453
370	3.444982024775358
371	3.0780090504721733
372	2.4049272397956347
373	2.862631779048253
374	2.7122631019521872
375	2.4904576965806386
376	1.9011566185433961
377	1.9939660962493215
378	2.2300454382344523
379	2.410889132496461
380	3.6000279799702843
381	2.4804953650144625
382	2.568543661229464
383	2.0257534219316664
384	2.782193563524996
385	2.58906006001393
386	2.742022391013162
387	2.7141880075521487
388	2.7272195203297502
389	2.3835661779460833
390	2.759716476400853
391	3.024281955632721
392	1.7927404404501543
393	2.8380830788462017
394	3.1612030950134358
395	2.8031252779128817
396	2.242727511889634
397	2.570854079303162
398	2.281382574099333
399	2.7355338528675164
400	2.5226256023255913
401	1.9967198949749487
402	1.8497917294416795
403	2.7913624260400995
404	2.5623026108134814
405	2.6506848833451886
406	2.6447434723690857
407	2.0370985527280205
408	1.8943188543113647
409	1.905154527016926
410	2.394598385934847
411	2.9653079457676976
412	3.115257801326393
413	2.8266854158097874
414	2.769760990370714
415	2.720268786557501
416	2.8005706049779016
417	2.436855698722054
418	2.1317125973302504
419	2.2202943700159232
420	2.1877923256772225
421	1.6214170372533414
422	2.852363789170467
423	3.1135676379093686
424	1.5727529728002787
425	2.9206975736522356
426	2.902486343164336
427	2.9706818226165246
428	2.0510936576540786
429	2.838052531767449
430	3.455614351980353
431	2.8925848574359545
432	2.1409246215326645
433	2.4901838814621913
434	2.5382711682635795
435	1.969069050807525
436	1.937309944446287
437	2.90255515825853
438	2.6203466558766078
439	2.591869413793425
440	2.2430661108594294
441	2.360826761141902
442	2.563971710100826
443	2.549393518721925
444	2.5990671750585324
445	3.5052775285461086
446	2.554869861268205
447	2.6589815261878984
448	2.3847453474710347
449	2.286062445351845
450	3.002483417825514
451	1.496575322051695
452	3.10557362345883
453	2.077613450730725
454	3.0839390727789695
455	2.047296510764554
456	2.3128504314547937
457	1.9256436213594033
458	1.808938400263488
459	1.4598169600470035
460	3.406562116929553
461	3.271028314309806
462	2.812680867109204
463	2.0263610439685937
464	1.997263432170147
465	2.615813953316831
466	3.1418398581626836
467	2.7326161909234505
468	2.9614142166705104
469	3.1646640528333263
470	2.867498892654966
471	2.54360698145421
472	2.9308373953920377
473	1.9961619232919365
474	2.394793018072085
475	2.9853857634476553
476	3.0972551491896168
477	2.6532443322306416
478	2.065057761418733
479	2.756368552866806
480	3.2493112974252294
481	2.714468786627912
482	2.8224109552937993
483	2.353599818262542
484	2.8006029333105174
485	3.1004240693544523
486	2.752498950426913
487	2.7689708092253027
488	2.757190752319071
489	3.2806147917276465
490	2.520496562009468
491	2.8909281713918404
492	3.041851382846437
493	3.394409709463389
494	2.179712450080633
495	2.662657163478049
496	2.7690404914566056
497	2.8972906804011886
498	1.7811056478672285
499	1.9796905358075692
500	2.862733616084293
501	2.735124314958173
502	2.46945191453708
503	1.7617362660752218
504	2.140829185691555
505	2.006711633642146
506	2.241035557651983
507	1.6384227165929452
508	3.1510573888312883
509	2.0823071658220935
510	3.4594150747443715
511	1.7659419762447486
512	2.1709031906501184
513	3.2659558365514196
514	2.745847972020215
515	2.5642625050622616
516	1.7556189507519067
517	2.283779133793741
518	2.355752445838523
519	2.6048534884177643
520	1.7121250859512434
521	2.223188283173775
522	2.1048555572368572
523	2.840938485290918
524	2.4138428535701397
525	2.57016804942663
526	1.833650961218159
527	3.0747200148968674
528	2.7364489098741114
529	2.918088626433219
530	2.377079294013558
531	2.467555355073332
532	2.9329977330178405
533	3.0241623050533355
534	2.833634479744893
535	2.165121107701434
536	2.9317690637582694
537	2.629159705728592
538	2.1704382063527214
539	2.7245837098944596
540	2.8866542316730417
541	3.159966936462298
542	3.398096594265444
543	2.237231192962135
544	2.876649824500065
545	2.0942490786556447
546	2.328881132787644
547	2.379911834317963
548	3.590607281906477
549	2.8444234163578086
550	2.4937039413012996
551	2.8573488863998877
552	2.9948640025706212
553	2.978039326283427
554	2.8507075357201286
555	2.4312077068251137
556	1.9063421007445396
557	2.6069681206867097
558	3.0261814216640017
559	3.2896981088501094
560	2.156505490680808
561	3.287344987130723
562	2.34286814955961
563	2.877207286149017
564	2.6906704106953203
565	3.1148799547897923
566	2.4663070784368895
567	3.5927624026607683
568	3.1720633131534384
569	2.8678519550458943
570	2.1186823354207815
571	1.7625457807375793
572	2.734230011686979
573	2.7823020992780294
574	2.305847470430474
575	2.5583831763726597
576	2.2168018200127424
577	2.585965286097262
578	3.7624143326105064
579	1.7462757121606962
580	2.554080260625592
581	3.200959800835861
582	1.9474000863727294
583	2.9474180491194426
584	2.737251789491244
585	2.0683813869630225
586	2.4844388669833983
587	3.0121608362295547
588	3.049245408700098
589	2.5285506664930035
590	2.8715687367134386
591	2.1228142240796126
592	2.67945954959962
593	2.9531687808453286
594	2.0438013422214274
595	2.39437382036573
596	2.9172144839066076
597	2.631384435633486
598	2.0089528095009404
599	2.5709658864535054
600	1.6467607851597073
601	3.0234848980916165
602	1.8476542672806153
603	2.836002430045443
604	2.699752395312166
605	3.0974982382232636
606	2.054588770172987
607	2.4214423395901745
608	2.49792557947805
609	1.710223447069832
610	2.4365980389523325
611	2.347560804721805
612	3.306931177788285
613	2.766624781463074
614	2.0894021880384153
615	2.498492264856269
616	1.8454539086543176
617	2.9317690637582694
618	2.2075793755921844
619	1.971539649743002
620	3.139042207476099
621	3.0844181373244464
622	2.455425538141016
623	3.081639205080993
624	2.764411501533567
625	2.6560494385746263
626	1.9790942564331333
627	3.0940792098962024
628	2.560747817357266
629	2.394793018072085
630	2.8161681902971663
631	2.7286827832319482
632	2.204094451094416
633	3.2271530037309564
634	1.7121250859512434
635	2.9383675947156336
636	2.733421443900971
637	3.0636556234653987
638	2.4683744805421717
639	3.0157986394661536
640	3.7278761660736186
641	2.4486470479982385
642	2.892974638694301
643	2.964941293584612
644	3.267201087309355
645	2.7700454660103877
646	1.857854633547623
647	3.442005873192979
648	2.042645084231843
649	2.2462306923983246
650	3.2110035523747142
651	2.05718986661364
652	3.3762944186267854
653	2.6287137379098295
654	2.596314908931824
655	2.6486179964701493
656	2.6037233357303227
657	2.827064739684813
658	2.8049000475397383
659	2.3434993361323944
660	3.1888599169483256
661	2.8596249872839468
662	2.5690998523798187
663	2.183920103231157
664	3.1888599169483256
665	2.867289119559592
666	2.649476444696283
667	2.6625400407539175
668	3.3450289345572295
669	2.492149216808212
670	2.9957873000689723
671	1.8343306226481377
672	2.2720127717733467
673	2.890095536379099
674	2.763143758800405
675	3.199847888594928
676	2.766736390651342
677	2.495400402571388
678	2.857992564845959
679	2.0451219468326394
680	2.0666886088914955
681	2.5362910682967525
682	2.3416375203700692
683	2.4891681586255956
684	2.766736390651342
685	2.5330505427102947
686	2.2702585879764015
687	2.037749447423879
688	2.692916398021851
689	1.8183455788101675
690	1.8823827941059244
691	3.120413931664355
692	2.8185826857308838
693	2.816148242307634
694	2.6314259723002027
695	2.9627222822132677
696	2.7532857218117113
697	2.7760389712552827
698	2.734725987957954
699	2.6973524378686693
700	2.5640651065348194
701	2.808283757808819
702	2.7441996514202387
703	3.003022211752189
704	3.144990856790885
705	2.7919799261077105
706	2.6575968170056763
707	3.1212475333284146
708	2.256518266098975
709	2.6887021440838375
710	2.653786947138877
711	1.8365416279041522
712	2.497190818933715
713	2.2992171566915096
714	3.0610789064792496
715	3.0731470476910725
716	2.974035542549604
717	2.5382711682635795
718	2.2645111423576942
719	2.241041181260498
720	2.272868434605273
721	3.0610789064792496
722	3.1025947943759085
723	3.275958752791735
724	2.393582837779542
725	2.4479389595705996
726	2.9064581723931093
727	1.896972250347265
728	2.2444592840866116
729	3.0391177630190684
730	2.170236016362684
731	3.6631376678948424
732	2.8073074454843674
733	2.647561550471032
734	2.516040685517717
735	2.1720987797614733
736	2.209567585709099
737	2.449188500366877
738	2.6701148105633603
739	3.307130936725812
740	2.6479074889504886
741	2.3757114579558407
742	2.5288226455176033
743	2.833192436504984
744	3.0801297568614436
745	2.3206343863767964
746	2.8188329392352833
747	3.008198031622986
748	2.8541366836957964
749	1.5340546341899293
750	2.86510081086406
751	2.9510945445404095
752	3.10763699065692
753	3.0938636171906055
754	1.8441884445485126
755	2.83044562342291
756	2.7382710812177016
757	2.229683970235845
758	2.3193021428576244
759	3.2234819765394827
760	2.7605461122975727
761	2.7694869142546534
762	3.2231444353699272
763	3.2276562631030625
764	2.846180457945051
765	2.521266750291538
766	3.1588500087168994
767	3.3097826402660226
768	2.3484670787581283
769	2.9300611077040464
770	3.1042013654444993
771	2.275113591153696
772	2.730528954187411
773	3.3276387165827765
774	3.1551020317628633
775	2.944185977308582
776	3.2310992399756846
777	3.128877892054723
778	2.9871547094916453
779	2.361006324614384
780	2.7322835731483823
781	3.08949818780074
782	3.2189819768182315
783	3.310726511144675
784	3.0517713662069537
785	2.192392635434964
786	2.9834022370493494
787	3.321929296044099
788	2.668892835101847
789	3.066741352396691
790	2.238154296267463
791	2.6033236332448393
792	2.6416311102944565
793	3.2151753638414386
794	2.6082790577465103
795	2.7237095557525883
796	2.9447069986601075
797	3.0717497187840332
798	2.9907072939975707
799	2.3180526270387722
800	1.6909348007949896
801	3.1824179303026536
802	2.396054841447226
803	3.1808293822530818
804	3.0121608362295547
805	3.1527542993235413
806	2.759112726921883
807	2.7927851124937164
808	3.4920198736834944
809	3.0500839671894395
810	1.8199516635307142
811	2.537102946926336
812	3.0774080183940624
813	3.1681357059628916
814	2.98421663217066
815	1.5929742087913956
816	2.5968107650295456
817	2.730996826344569
818	2.986398123989623
819	1.8480747184851611
820	2.8228590524909434
821	1.7599205070670965
822	3.4147537097637453
823	2.315897267903111
824	2.897236080649761
825	2.722697015922994
826	3.1479972379040073
827	2.6844545298759646
828	2.0317902160231296
829	2.3563731087088664
830	2.288267944950878
831	2.3206055416233236
832	2.64241784298538
833	2.1156151821156493
834	1.997263432170147
835	2.940862559721947
836	2.6444781547771763
837	2.725573406789428
838	3.031647504214039
839	2.2183385923461225
840	3.348344610758699
841	1.9472471147578925
842	3.041377591457898
843	2.8314883583653003
844	1.8772751744046199
845	1.8304766146683211
846	3.3490941177783746
847	2.843929126857158
848	2.5490062692531326
849	2.273490685460329
850	2.8781976318801856
851	3.2335543368482553
852	2.7523857285421722
853	2.855947600231485
854	2.516467966054162
855	2.852041408150104
856	1.4857706999457065
857	2.7199043849806035
858	2.7833673901721356
859	2.859233362552737
860	1.9245822182770027
861	2.950589421049593
862	3.20624281799377
863	3.1508895495184746
864	2.3964074881942787
865	2.929906507977167
866	3.3674348732013786
867	2.8472765792596637
868	1.986007600534078
869	2.8506838902877654
870	2.3416375203700692
871	2.079578189643758
872	2.7533692025574896
873	2.3758173766938366
874	1.999906115138939
875	3.091359534058854
876	2.9306462459211806
877	2.4300425067414606
878	2.783669930811222
879	2.7603579915376844
880	2.9679559243323763
881	2.589123581502248
882	3.1300038838885924
883	2.68346612443683
884	2.457145992121161
885	2.425991459827008
886	3.4690366306098404
887	2.2325031898948113
888	2.8154996134436336
889	2.4349534262658743
890	2.251710630886475
891	2.7411021829891125
892	2.177542051413325
893	2.4749286139339786
894	2.127027372406403
895	2.264766520056421
896	2.4054464554710298
897	2.093596954327125
898	2.6446947269665975
899	1.9343562510269
900	3.108755796629947
901	2.378546072773546
902	3.1910338062540227
903	2.046166658859029
904	2.7420856459583334
905	2.8596425646945294
906	2.851319688145469
907	2.47411044712305
908	3.3962173668325537
909	1.756188676895412
910	1.9576909181733892
911	2.26946210212492
912	2.712771460575912
913	2.1268675744522647
914	3.325937773732792
915	2.860615821304906
916	2.0973161528679314
917	3.189626504492683
918	2.5229268182301214
919	3.077538263675864
920	3.0910530614249705
921	3.095619839586639
922	3.085196755631309
923	3.086894395875668
924	2.804189667010927
925	2.9768613376406243
926	3.4067564354034756
927	2.074455701711238
928	3.2394881622943634
929	2.49310216562683
930	2.68738439848718
931	2.5223169932072373
932	2.8219312919382658
933	3.073807729036727
934	3.1300492746898136
935	2.546113873902103
936	3.047606274431344
937	2.475998167450904
938	2.872409260510293
939	3.258911056863581
940	3.01448484609169
941	2.3204749507929767
942	2.909140712239965
943	2.5797093399647286
944	3.1317221689328454
945	3.244769888709809
946	2.2219204515163082
947	1.4813356994059723
948	2.5668536972762928
949	2.5967970666177185
950	3.2943687982242613
951	3.2681459924056635
952	3.2204082786415853
953	2.8808863040649446
954	2.836997700481833
955	2.8480639081971013
956	2.51048850378203
957	2.3632350152294155
958	2.1736296082695388
959	1.9144424440771977
960	2.352775745872113
961	2.1443373454188097
962	2.7875464685786326
963	1.6682182863419541
964	2.8786329537870765
965	2.6439166609686713
966	2.637808431118992
967	1.8654661306572924
968	2.5947290725926964
969	1.9525639636669194
970	3.070453166745081
971	3.4403527643104317
972	2.377079294013558
973	2.747055855434319
974	3.050001147931749
975	1.628046695647555
976	2.7855198099358116
977	2.5461267897539916
978	2.8685854638257293
979	3.282954078213825
980	3.2862656280428744
981	1.9276007629695489
982	2.797799683544307
983	3.3386552738519213
984	3.291720216682967
985	2.8242966988946656
986	3.347889501541466
987	2.90444027738986
988	2.6114405705071766
989	2.4635476272767463
990	2.9679048883887322
991	2.7621252088651564
992	2.7334050182079546
993	3.1406605389747435
994	2.7054962169937316
995	2.665248186749014
996	2.9831571644544193
997	3.5161166297393502
998	2.627321309322726
999	2.2137184020196297
1000	2.590873905374857
1001	3.1389297502469944
1002	2.94516845989114
1003	2.7322583839017267
1004	2.3128695567903264
1005	3.9216836436317144
1006	3.1386568158878503
1007	2.742151746235294
1008	3.3971152379450524
1009	2.1267657223483667
1010	2.6633001493165507
1011	2.0953068652869753
1012	3.1566303090217467
1013	2.4245187566947433
1014	2.418110388977457
1015	3.02310265331096
1016	2.715045424444231
1017	3.186164914295465
1018	2.0046868568088376
1019	3.556928663869375
1020	2.5227072002272615
1021	3.405859154968307
1022	3.4242071850094797
1023	3.5035417586397184
1024	2.01777378726485
1025	3.7466503724865703
1026	2.501036352380372
1027	3.4403527643104317
1028	2.692659503983795
1029	2.778225926941693
1030	2.4414904650039033
1031	2.312785187751654
1032	2.996608771514481
1033	3.185659986090152
1034	3.1979735274864347
1035	2.436313611758572
1036	2.5863937881930257
1037	3.098201096259249
1038	2.4152120080596418
1039	2.8475307499541698
1040	2.6653707073845365
1041	2.328870459336726
1042	2.527500644946339
1043	2.6013628065918506
1044	2.1914044687767977
1045	3.1795465108292182
1046	3.3665400265309584
1047	2.7241602631627386
1048	3.3682734247327235
1049	3.0400972135727296
1050	2.438593063998797
1051	2.9191702745627945
1052	3.204094422114581
1053	2.7751061565447466
1054	2.8901937858292146
1055	2.5683613214337337
1056	3.049375838705081
1057	2.166990387575043
1058	2.856695669306181
1059	3.0225825807389146
1060	2.4393501199839878
1061	3.1444229638769974
1062	2.5139079167615543
1063	3.241880888437916
1064	3.240756027878209
1065	2.8188074048322176
1066	1.91886181608956
1067	2.73889060376902
1068	3.119082424645177
1069	1.9596596613994395
1070	2.438437949946775
1071	3.0593040312203668
1072	2.362457836064885
1073	2.4970787837488424
1074	3.3393964085597165
1075	3.2839021706258835
1076	2.718358152713732
1077	2.720811388784811
1078	3.001639862955335
1079	2.3566662395248916
1080	2.924615690796613
1081	3.0651168164287768
1082	2.6473914512793426
1083	3.1210013735850946
1084	2.8717208817756097
1085	3.3695324153627184
1086	2.5668108297216214
1087	2.262285744953629
1088	3.3363587014783347
1089	3.1115733405681247
1090	3.0724631894505263
1091	2.2978431669271746
1092	2.2603223461216886
1093	2.136708256153341
1094	3.2055525200319046
1095	3.0491896173915998
1096	3.019121077792975
1097	2.3724596434466005
1098	3.181018425811044
1099	1.9370994155790542
1100	2.8834204447634004
1101	1.848033631394609
1102	3.2265415006436853
1103	3.127782588214241
1104	2.3373226770946607
1105	1.773364470350539
1106	3.0823099175763256
1107	3.319193501671451
1108	2.80540596966683
1109	2.39775520367081
1110	2.255059465780251
1111	2.9413445402339473
1112	2.5161604597417857
1113	2.6258240259453016
1114	2.9086577222724372
1115	3.023887372626999
1116	3.3458796577191117
1117	2.5106273407102
1118	2.0046868568088376
1119	2.8265632869419846
1120	3.617238248524371
1121	3.1645235102774607
1122	2.789249360976518
1123	3.1966416687759747
1124	2.2369395343509875
1125	2.828911737961944
1126	2.708300920777807
1127	2.2995321443676358
1128	3.090956184922105
1129	3.3974356669196615
1130	2.8723912921869337
1131	2.5802175062995625
1132	2.711795411752353
1133	2.892590318299704
1134	2.7368669670606
1135	2.560704237000161
1136	2.1564064407716295
1137	1.8634674241979188
1138	1.6276305535526703
1139	2.7454866150213624
1140	3.3637286530696286
1141	2.6937401186518297
1142	2.7796818419054925
1143	2.3868708941036223
1144	2.87060932034086
1145	2.900920560555776
1146	2.9357370218991163
1147	2.393424484493122
1148	2.8918137638617263
1149	2.823357266536276
1150	3.4225160383562616
1151	2.3319122592897115
1152	3.113110260178908
1153	2.248040739361371
1154	2.620838353112114
1155	2.727644792863888
1156	2.978626939955566
1157	2.285804385990181
1158	3.1757871910897144
1159	3.4690960519419516
1160	2.641686382015354
1161	2.17119949226082
1162	3.030100054103151
1163	2.7631538026074045
1164	3.4718266428245004
1165	3.019353832180911
1166	3.1389297502469944
1167	2.6503598973583227
1168	2.9245828661784006
1169	3.2035554389462204
1170	2.1737137026627527
1171	2.6900596267016077
1172	2.6604118073851377
1173	3.0423089691490675
1174	2.7108469791697063
1175	2.4323817433729182
1176	2.754290097084419
1177	2.8393941647225964
1178	2.149872489099492
1179	2.047420152452428
1180	1.6635847473460066
1181	2.46872424353006
1182	2.469810197496239
1183	2.5432115446425385
1184	1.978231212005743
1185	3.073242627816589
1186	2.4545856931853383
1187	2.8218676704244605
1188	2.5926685352881225
1189	3.1729932984193936
1190	2.149443138100338
1191	3.2568926540448713
1192	2.4173325119825297
1193	2.142005481498915
1194	1.7833703750488261
1195	3.3492863290870627
1196	2.7994466990490166
1197	3.0913943909005486
1198	3.307419755246114
1199	1.9672131536204331
1200	3.2030454826245474
1201	2.7107454644396984
1202	3.634780096416447
1203	1.7412829851022715
1204	2.730228467026061
1205	3.1966835608165143
1206	2.3480186611286875
1207	2.873827201169449
1208	3.0504879216574707
1209	2.1575859366362398
1210	3.630148643838391
1211	2.0632995222170774
1212	2.145670490823477
1213	3.322789416952757
1214	2.9172393019202505
1215	2.7459331089512347
1216	3.044504014818496
1217	1.9187147093747319
1218	2.6097706750003256
1219	2.282742438581851
1220	2.297286918163975
1221	2.532574078574042
1222	2.493223527522994
1223	2.617669738405901
1224	3.039083225474392
1225	2.919111011011419
1226	3.3301556636246414
1227	2.0452292208996625
1228	3.3547663505356105
1229	2.791566320217689
1230	2.5642313795811513
1231	2.7199297105150175
1232	2.761769840640482
1233	3.243602459524211
1234	3.0869519432251247
1235	3.038130762401446
1236	2.6758005030373986
1237	2.230974544282383
1238	2.968095301654087
1239	2.93745363652531
1240	2.5936352962359672
1241	2.0839461485905404
1242	2.946122414243592
1243	2.358484176025167
1244	2.444609221887887
1245	2.844599343907808
1246	2.4528053470785705
1247	3.303543270587242
1248	2.919271901744823
1249	2.9066647527973744
1250	2.6588575722820957
1251	3.0940289577790856
1252	2.8718340598387364
1253	3.0019675599585733
1254	2.6606973324740677
1255	3.0309232884625623
1256	3.006168876331393
1257	3.117526591372987
1258	3.4321935602671574
1259	1.7181922166978174
1260	2.792599064348561
1261	2.342881883991909
1262	3.435846596049574
1263	2.2647336066871118
1264	2.8001212812540963
1265	2.1796289859237286
1266	2.2491047826274047
1267	1.4598169600470035
1268	1.7686299987799248
1269	2.8599061754044346
1270	2.9181100541847402
1271	3.035715774480009
1272	3.1434761000067883
1273	2.6822380006816267
1274	3.0931270991723627
1275	2.6046204344596715
1276	2.8812715817589116
1277	2.6290726631677765
1278	3.3263805499081767
1279	3.0515434869059943
1280	3.4624304283845255
1281	2.5965039485812462
1282	3.287967500385905
1283	1.6589130790046704
1284	2.2629726196156295
1285	2.440966653181812
1286	2.5658422673974264
1287	2.6544780824156815
1288	3.2112051934287416
1289	3.3502438319771377
1290	2.864378231584827
1291	2.71491237724568
1292	1.6932538655761618
1293	2.6654404761997146
1294	2.2984487713087325
1295	1.7723642998820777
1296	1.9887633747737934
1297	1.9430628496416034
1298	2.39989515275456
1299	2.5533479147345863
1300	2.3737420838599723
1301	2.72131506671567
1302	3.7283697046530864
1303	2.367349372234395
1304	2.142375536345887
1305	3.349206476936221
1306	3.1660764739047944
1307	2.338433969129411
1308	2.8183499961656167
1309	2.3712146846571143
1310	3.1158491673917545
1311	2.77949571620227
1312	2.7601144993752054
1313	2.655057907566146
1314	2.2407571098434036
1315	3.031146042453428
1316	3.438757468127146
1317	3.341907527387648
1318	2.1972263780074552
1319	2.19325566749957
1320	2.2864162878411753
1321	2.9499944431115552
1322	3.1009228222366065
1323	2.865140714097424
1324	3.345467088021016
1325	3.1333452588898205
1326	2.880670289000738
1327	2.799610302398382
1328	3.007282157046602
1329	3.3712409456826933
1330	2.7021267856663633
1331	2.2749389255231574
1332	2.435373850882404
1333	3.2468119295252826
1334	2.678038278875935
1335	3.01909243330163
1336	3.0989039661357705
1337	2.750379249577737
1338	2.4425664362174757
1339	3.4740512069404486
1340	3.052246063889752
1341	2.406841939850074
1342	3.3890570461376295
1343	2.060074552043788
1344	2.2569133865630104
1345	2.886114119819617
1346	3.2390192844488497
1347	2.4900718394294694
1348	2.704750828251221
1349	3.066001375645656
1350	1.9394332829906995
1351	2.8803168983233314
1352	2.776964650656825
1353	3.009917022434644
1354	3.3349181757134625
1355	3.0570209403641866
1356	2.2068340192433484
1357	3.4166681004327155
1358	2.673737218467303
1359	2.8238838497348397
1360	3.1562776043738183
1361	3.26512442991227
1362	2.543526006473297
1363	2.4212692043024933
1364	3.0676932642021866
1365	2.5217055900208045
1366	2.246100471397537
1367	3.0255752304672354
1368	3.224313697834025
1369	3.411043240996667
1370	3.2968108897018302
1371	3.6483618316247024
1372	2.89743157553129
1373	2.606722725574162
1374	3.3446541780070835
1375	3.3849873240578248
1376	3.3617023514644164
1377	1.927660667581245
1378	2.5607304434999834
1379	3.127066573149501
1380	3.1562776043738183
1381	2.117207827473843
1382	2.200231293017495
1383	3.116797811120819
1384	3.1542479487154265
1385	3.0680056455702767
1386	2.2479743101341025
1387	3.077203444049182
1388	2.8574118940756157
1389	2.6573968155082013
1390	2.9348421807211054
1391	2.8109933431596126
1392	2.781777857558577
1393	2.069090146899116
1394	2.352254683623678
1395	2.7908668890714496
1396	2.7399465547197965
1397	2.6393817510531212
1398	2.5723633177179925
1399	2.936962615520843
1400	3.0792933508633067
1401	2.344608207302252
1402	1.8627053824359345
1403	1.7575682440008515
1404	2.0628617821234063
1405	3.186064139878705
1406	2.4630733882014377
1407	2.965806406449136
1408	2.906635295173008
1409	3.3094199792756407
1410	3.3352167463174567
1411	2.751806634620561
1412	3.4611949578056316
1413	2.886114119819617
1414	3.124551024048069
1415	3.2635832221906003
1416	2.758727943187095
1417	2.956441877589165
1418	3.2367660883748144
1419	1.5340546341899293
1420	2.8757519252938564
1421	2.772295135797863
1422	3.034893578243747
1423	2.9380497970918715
1424	2.8836041862428785
1425	2.582017334436405
1426	2.914843884877928
1427	3.2270221127572327
1428	1.911246683140316
1429	3.223606817511072
1430	2.9267699338871367
1431	1.4813356994059723
1432	3.359243393526376
1433	3.4553559321128255
1434	2.213399921079286
1435	1.959508835808758
1436	3.377555351086292
1437	1.6276305535526703
1438	2.0966998020323246
1439	1.3776975360991401
1440	3.2262814449084765
1441	3.179370527132792
1442	3.129793373081036
1443	2.8909646542101326
1444	2.8815117957817646
1445	3.1279936553233667
1446	2.657125488805301
1447	3.1966318707783143
1448	2.714214773143754
1449	2.6445055707712677
1450	3.279607732480488
1451	3.3073702574435684
1452	2.270830112542714
1453	3.7361457329975747
1454	3.286292897274808
1455	2.7806695940537907
1456	3.300668232119478
1457	3.5365258196863993
1458	3.444331617306013
1459	2.300898235985664
1460	2.796119402037977
1461	2.532350680717052
1462	3.3838388569044753
1463	2.404308684296773
1464	2.1829948018345764
1465	3.3476621882155997
1466	3.231705539174336
1467	2.653215626732066
1468	2.6685773142010984
1469	3.101576375809935
1470	3.294007504840189
1471	3.2922434502941194
1472	3.4227552001239934
1473	2.8720296100900735
1474	3.0854132931180622
1475	3.144942525918106
1476	3.109835892049077
1477	3.0340552036032813
1478	2.6978794274039934
1479	2.873961602353888
1480	3.192608108310111
1481	2.3396199142171636
1482	2.314940586823506
1483	2.221513778069379
1484	2.5124275512869594
1485	3.4080428336271926
1486	3.4456608159669107
1487	2.8791308516742173
1488	2.4297330820529055
1489	2.8160563736032795
1490	2.7975114051652867
1491	3.2558890534904923
1492	3.5935574748580343
1493	3.0014968467351455
1494	2.982765761902742
1495	3.3744829022944978
1496	3.097917133034343
1497	3.503504365269839
1498	2.399369363101117
1499	2.07049507581682
1500	3.322652509644819
1501	2.7911562441504407
1502	2.050600249856495
1503	3.027847132422675
1504	3.204200181252941
1505	3.655935506514238
1506	2.796596739510686
1507	3.0793008734755976
1508	3.1310770388462563
1509	2.613971493568457
1510	2.717708532054835
1511	3.0792933508633067
1512	3.403007379404111
1513	3.3063671415888773
1514	2.7800716835538903
1515	3.134312345744041
1516	2.8487522584182114
1517	3.0915950697126537
1518	2.9841934586064327
1519	3.121911564927412
1520	2.8467470370195915
1521	2.8791308516742173
1522	2.83772362147268
1523	2.800641468420366
1524	3.4608349600862116
1525	3.1524541227611538
1526	3.293894307100629
1527	2.977953907612892
1528	2.8664194345484786
1529	3.206237097350411
1530	3.0174457005872903
1531	2.6899491069213703
1532	2.14878107300505
