0	2.2610898984113885
1	2.042340124204407
2	3.1543968489091396
3	2.684047910837926
4	2.1047866661889767
5	2.684047910837926
6	2.684047910837926
7	2.307821745955879
8	2.844450579924758
9	3.2456300211599105
10	2.1047866661889767
11	2.9293312418160755
12	3.814891899058473
13	3.4312860323199157
14	3.0868627641016477
15	2.5181576021109926
16	2.5181576021109926
17	2.2621694049080965
18	3.0979370714660037
19	1.3473562478019578
20	3.009058579944671
21	1.373278913686408
22	1.6771262492935444
23	2.252254059960475
24	3.5252342788305615
25	2.640488740016964
26	3.427926926459718
27	2.2136809438534177
28	2.8259977562639995
29	2.628561286397146
30	3.06252594117166
31	2.8259977562639995
32	2.3245614829998704
33	2.3245614829998704
34	2.5200777855775853
35	2.5200777855775853
36	2.5200777855775853
37	2.5200777855775853
38	2.945281104840036
39	2.480717296381774
40	2.9927077568203924
41	2.543662215930856
42	2.5200777855775853
43	2.5200777855775853
44	3.1866473874605132
45	2.3245614829998704
46	2.3245614829998704
47	2.3245614829998704
48	2.847057772814422
49	2.3245614829998704
50	2.823274486363844
51	3.6037657626614865
52	2.6918615808505084
53	2.8040036143154374
54	2.441091032144679
55	2.5200777855775853
56	3.337111206356205
57	3.0071903655836474
58	2.5200777855775853
59	2.8653964516169306
60	2.054268866632048
61	2.7625469053430547
62	2.92744672318652
63	2.054268866632048
64	3.033391519826265
65	2.620690674677129
66	2.9716858696541597
67	2.7112060374095783
68	3.088058430703713
69	2.863645898937196
70	2.863645898937196
71	3.3732637344173395
72	2.276110563678288
73	3.038858481180294
74	2.7112060374095783
75	3.0397098708048573
76	3.0397098708048573
77	3.1962374759604004
78	3.0093839946377856
79	3.1962374759604004
80	2.6717165976619595
81	3.0397098708048573
82	2.9722210303682126
83	3.0397098708048573
84	3.478583862481967
85	2.863645898937196
86	3.0397098708048573
87	2.279819774805259
88	3.0397098708048573
89	2.977544665227331
90	2.997489602177503
91	3.8209404082367877
92	3.0773899781575142
93	2.3245614829998704
94	2.3245614829998704
95	1.9945866845898554
96	2.988564706593441
97	1.7763896759729247
98	3.174267798189708
99	3.0397098708048573
100	3.0397098708048573
101	3.0397098708048573
102	3.1841131067002917
103	2.134119784153361
104	1.7396970600197865
105	3.0773899781575142
106	2.931395662315408
107	3.082235708745694
108	2.956946018301331
109	2.1705715432574384
110	2.5424895546681197
111	2.7862638646987765
112	2.665977677686564
113	3.4389759851657637
114	3.2248547456695382
115	2.6021258497568738
116	1.1953406647054432
117	3.392458857174229
118	3.0397098708048573
119	3.224228955388493
120	2.7127038916409036
121	2.3724665520057475
122	2.790771680865597
123	1.9702250269861823
124	2.886393604271426
125	2.1585354165042494
126	2.480983876137452
127	3.4443132157939376
128	2.5200777855775853
129	2.5265339247705194
130	2.620690674677129
131	3.2027921201182874
132	2.7736868899417835
133	2.5200777855775853
134	2.8029939798001715
135	3.123002059835337
136	1.5536115347146189
137	2.680813400870112
138	2.7336966190173695
139	2.680813400870112
140	3.189874431085427
141	2.741449172209367
142	3.242348702958396
143	1.7622015551656114
144	2.886393604271426
145	1.968074778589703
146	2.8229796355740624
147	2.6670773625927726
148	2.840495282406848
149	2.377875165840331
150	2.187519244659929
151	2.377875165840331
152	2.435354947256401
153	2.889532087167926
154	2.2213533254085593
155	3.1602204033907055
156	2.3245614829998704
157	2.9686108408133336
158	2.2337081322812007
159	2.3245614829998704
160	2.3245614829998704
161	2.2337081322812007
162	2.1047866661889767
163	2.713444161053919
164	2.713444161053919
165	1.9385185665064628
166	2.889532087167926
167	2.89173084286551
168	2.802553563523204
169	2.3245614829998704
170	3.2610905849115124
171	2.8029939798001715
172	2.7461365910537214
173	2.844353751322524
174	2.670145803947149
175	3.02058794013039
176	3.469144331686416
177	3.3667386542364977
178	2.9445543311278923
179	2.5200777855775853
180	2.5200777855775853
181	2.665263010341908
182	2.7612777529899746
183	3.7357412057045667
184	2.8967687694700848
185	3.1201503586624018
186	2.711365348541729
187	2.711365348541729
188	3.1629808006997315
189	3.0258522925724054
190	3.6039826472424803
191	2.713444161053919
192	2.975359501724249
193	2.711974850154004
194	3.148582237333753
195	3.605244980084251
196	3.3461805897475934
197	3.033271328432822
198	2.4523564594870497
199	2.711974850154004
200	2.670145803947149
201	2.4912555122147513
202	2.2033040822826293
203	3.148582237333753
204	2.4912555122147513
205	2.6831758752225165
206	3.025992055120852
207	2.9317977428225492
208	2.2033040822826293
209	2.711974850154004
210	2.340698868038072
211	2.3245614829998704
212	2.3245614829998704
213	3.138738725487867
214	2.228516596761527
215	2.3493992275996103
216	3.240477899166888
217	3.240477899166888
218	3.0001400853312434
219	3.4231188842028257
220	3.120343234948117
221	3.361145996103118
222	3.138738725487867
223	2.711974850154004
224	2.3245614829998704
225	2.711974850154004
226	2.711974850154004
227	2.142076109505504
228	3.6800904428548917
229	3.5325595483678893
230	2.711974850154004
231	2.3245614829998704
232	3.5810079271968664
233	2.711974850154004
234	3.0397098708048573
235	2.711974850154004
236	2.7172330652047076
237	2.711974850154004
238	3.0397098708048573
239	2.3245614829998704
240	2.3245614829998704
241	2.3245614829998704
242	3.1936304946153498
243	3.009775197319751
244	3.4364158013459156
245	2.3245614829998704
246	3.063429414313696
247	2.3245614829998704
248	2.711974850154004
249	3.205265983789894
250	2.4799512096835663
251	2.058660128173509
252	3.0307397283769113
253	3.3738976423301335
254	2.522765212680701
255	2.1499421791695186
256	2.5200777855775853
257	2.711974850154004
258	3.4577473565098638
259	2.711974850154004
260	2.8047584704475055
261	2.711974850154004
262	2.142076109505504
263	2.711974850154004
264	3.471280804667156
265	2.527710204524463
266	3.430242712883658
267	2.522765212680701
268	2.5200777855775853
269	2.7900239250958245
270	2.4374953484029596
271	2.926273323718693
272	2.897254265189002
273	3.3445116294856923
274	3.0668846406572574
275	3.0668846406572574
276	2.8442360369137485
277	3.1302219813301013
278	2.9410847774564046
279	3.8404258400390945
280	3.3879546017605833
281	2.3740688557509086
282	3.2560474239042234
283	2.771997574801195
284	3.0135363477530266
285	3.1358817250602016
286	2.8350729807384654
287	3.1287776920876205
288	1.6308623542646252
289	3.5497693351810815
290	3.524755353183781
291	3.5348535877325347
292	3.4408426625937816
293	2.711974850154004
294	3.846015603020418
295	2.602498892184853
296	3.219465587909601
297	1.810017049709805
298	2.528866103710274
299	2.5200777855775853
300	3.471280804667156
301	3.586078430848626
302	3.5270372120839513
303	2.837757725342756
304	3.3658455934152762
305	3.938065084410724
306	3.1074061174758567
307	2.7900239250958245
308	3.2041303585973813
309	2.9836418694565845
310	3.3640778191825285
311	2.711974850154004
312	3.6490257076056785
313	3.831015935293906
314	2.5200777855775853
315	2.9762637805697194
316	2.456508095607247
317	3.006506397778335
318	2.481058346739937
319	2.6017979572761405
320	3.0889002458252706
321	2.6017979572761405
322	3.1252127681448583
323	2.755651512041664
324	3.995290002396847
325	2.8350729807384654
326	2.9273331846470914
327	2.33594123196784
328	3.206878368501893
329	3.4335884831893337
330	3.0992505654832025
331	3.1259581412620143
332	2.213125677214396
333	2.618408389193626
334	3.8884327285998403
335	3.501472124367325
336	2.3966028421961845
337	3.06998037021266
338	1.8580001016201124
339	2.837757725342756
340	3.1259581412620143
341	3.2900780594928696
342	2.6978368979663667
343	2.904214337326822
344	2.7142888223509405
345	2.6758665075557544
346	2.629715179985536
347	3.3821280747858027
348	2.4832852927873197
349	2.926273323718693
350	2.785602624398306
351	3.9303632315432697
352	2.8390516766595137
353	3.081682253467058
354	3.2931099200150435
355	3.6382144705450243
356	1.8580001016201124
357	3.0791684579023593
358	2.5200777855775853
359	2.959847248964206
360	2.9894965910551723
361	3.3764121200197015
362	3.2890006528989546
363	3.3764121200197015
364	3.1091304157600073
365	3.1001397506654507
366	2.213125677214396
367	2.292498252957198
368	3.0779714766538553
369	2.4361921343738873
370	2.4361921343738873
371	1.2096229807941077
372	2.207424190319125
373	1.8582872349495516
374	3.2281971545142794
375	2.8037938795235244
376	3.658352619383663
377	2.961752152430354
378	3.081682253467058
379	3.0951349691145627
380	3.2547876968416363
381	3.3930275492181514
382	3.292047916797547
383	3.155323247567086
384	3.0856744877121574
385	3.545628607268022
386	3.9479766620886982
387	2.926273323718693
388	2.627238947781096
389	3.1525563733228927
390	3.53480481615913
391	3.51089970669666
392	3.2792451779126894
393	2.292498252957198
394	3.385896542843618
395	3.5348141138983453
396	2.3373011463608133
397	2.3420166562210816
398	2.729066150553155
399	3.4481833073057637
400	2.2317320433759416
401	2.916635086288588
402	3.1705878445857563
403	3.306592402369159
404	2.9059162853174607
405	3.638106032120957
406	3.2547876968416363
407	3.067108382507697
408	3.3034634196451735
409	3.0009424098715103
410	3.292047916797547
411	3.053524592917579
412	2.963165138823098
413	2.626105957464261
414	2.551776915979058
415	3.536942324737037
416	3.536942324737037
417	2.8934461898420345
418	3.536942324737037
419	2.9982353484603226
420	2.683663593340579
421	3.117712281569025
422	3.536942324737037
423	3.234730436230823
424	2.777555495009437
425	2.842908917240707
426	2.4939206294373495
427	3.2604126673898888
428	2.827614061302789
429	3.117712281569025
430	2.6654622336784475
431	3.3052702927624416
432	3.5815881669853176
433	2.2317320433759416
434	3.1544233515422935
435	2.99525896275308
436	3.3925804513222246
437	2.7294347970528796
438	3.1539357382673625
439	3.1397564227775536
440	3.3085247886854177
441	4.252120830928137
442	3.3047549598035473
443	3.2806582118667733
444	3.0100164857262826
445	2.551776915979058
446	2.577245707433163
447	2.1870573705217193
448	2.2313208013116856
449	3.193009837008757
450	2.1499421791695186
451	3.212452361994067
452	2.4761983929896125
453	3.8927062470897806
454	3.6585019344931164
455	2.9501565715293627
456	3.1009851929861134
457	2.5172783326269887
458	2.8092214239925197
459	2.8092214239925197
460	2.8713546516408828
461	3.009584159769326
462	3.009584159769326
463	2.7190383967739034
464	2.738781565236483
465	2.7190383967739034
466	2.9105839518329875
467	3.4577473565098638
468	2.738781565236483
469	2.9105839518329875
470	2.578409726760833
471	2.609311090950415
472	3.121102872908133
473	2.609311090950415
474	3.3754216409754534
475	3.1440475409672453
476	3.2758857516707023
477	2.7384224006077895
478	2.7384224006077895
479	2.4652223814898186
480	3.1797089746117972
481	2.8097966890291297
482	2.2354274974498827
483	2.3219966499110716
484	3.383646059975541
485	2.4869832131261784
486	2.203567373177932
487	2.9486213029244457
488	3.4274312559787665
489	2.4908981456768946
490	2.8932113900376866
491	2.6358325058959435
492	1.4949687542783627
493	2.5948873085466286
494	2.2352612342847373
495	2.2352612342847373
496	2.60041076670506
497	2.9407419721365082
498	2.3760181268633693
499	2.9516666522532238
500	2.2352612342847373
501	2.6597130755645417
502	3.881622623975633
503	3.527657258384116
504	3.307608857456437
505	2.609311090950415
506	2.714472945678734
507	2.74817158803125
508	2.1452187690235265
509	2.4481719138699667
510	3.098670771736731
511	2.4481719138699667
512	3.1043365456983705
513	2.4519606278733406
514	2.9743340529554185
515	2.9093029660843595
516	2.6597130755645417
517	2.8318363899075876
518	2.0352770814914516
519	2.3697260222973213
520	2.8807826815457256
521	2.8097966890291297
522	3.0668846406572574
523	2.6922462571214254
524	2.4450645279055316
525	3.2581516196487916
526	1.7883965565281055
527	2.235765483752734
528	2.8662658181897065
529	2.6014527142070247
530	2.9436681984957227
531	3.5270497794085887
532	3.131757442349931
533	2.643029877152403
534	2.909376073728613
535	2.156065917123406
536	2.4276785401080616
537	3.2381527475996754
538	2.705150760166766
539	3.467770967626447
540	3.6817561276652055
541	2.3760181268633693
542	3.3915048229984914
543	2.9398941669641343
544	1.4949687542783627
545	2.9222804125667623
546	1.9483978210125752
547	2.8052449755423168
548	2.4182837180042736
549	3.0440573456033895
550	3.85917207858354
551	2.6179943802625254
552	2.8239074252669365
553	2.980713476902066
554	3.1181956390619443
555	3.114919536932096
556	2.8400288747170257
557	2.514979647513905
558	2.9810045184127527
559	2.487408157732083
560	2.973080046137792
561	2.951217900330489
562	3.64011974951423
563	3.346977342512349
564	3.1953650657937196
565	3.2307508443634774
566	3.1928564729753384
567	2.853386957623662
568	2.1666280468381593
569	2.375042376182164
570	3.278586783347288
571	2.68279960955772
572	1.772314600013882
573	3.4563659694934716
574	3.0215286701267208
575	3.2381527475996754
576	3.272723104274473
577	2.9259056544080493
578	3.1734138696382943
579	3.242613899743566
580	2.4752964913050977
581	2.8052449755423168
582	2.9222804125667623
583	3.4996901413674792
584	3.4996901413674792
585	3.1445333528263046
586	3.1181956390619443
587	2.8400288747170257
588	3.547902785616431
589	3.0682594699476944
590	2.4648242180108797
591	2.498796953196906
592	3.64011974951423
593	3.3106218372829277
594	2.968316498216386
595	2.0099641569240316
596	3.0674003199847255
597	2.9281573586582477
598	3.168603616372546
599	2.9316899878619
600	2.9316899878619
601	2.755919284715987
602	3.032489355271771
603	2.755919284715987
604	2.9316899878619
605	2.644767540914917
606	2.1666280468381593
607	3.045761435578581
608	3.82896002666961
609	2.382264991760639
610	3.250658105945896
611	3.115143696271321
612	3.163092033959979
613	2.5678449509318813
614	2.969034494194189
615	2.853568517051813
616	2.3328672095637075
617	3.3860104776154785
618	2.844882940363162
619	3.1254263370763002
620	3.3206398907688577
621	3.238746646643271
622	2.6892259329801145
623	2.948055452850335
624	3.1628922484948583
625	2.738065599193471
626	2.877278333880695
627	2.444308444589468
628	2.089231697657045
629	2.8116752358512347
630	2.581115273990201
631	3.315995935324827
632	3.2393917615107837
633	2.1970884611758246
634	2.8601539623139316
635	2.428482667028147
636	2.996714988123111
637	3.0133769156439936
638	2.4473974978928434
639	3.2385458408432193
640	3.213674632257437
641	2.5822957442748278
642	1.9194574315581445
643	3.0427335436018885
644	2.9345626916131806
645	2.4326077088652562
646	2.661216047579453
647	3.5940900765650925
648	3.2327113764174555
649	2.795099754653367
650	1.752065870669209
651	2.8987960634690686
652	2.9315549952930207
653	2.363244774693126
654	2.6892259329801145
655	2.798950170408097
656	3.072633634472276
657	2.6298396031099536
658	1.9528468139957293
659	2.0541233271454025
660	1.8017205862573087
661	3.799795207517445
662	2.6198450970970217
663	2.470868368280145
664	1.8017205862573087
665	2.795099754653367
666	2.8676578132099424
667	2.598902348404625
668	2.795099754653367
669	2.4966561649638237
670	3.072833799031055
671	3.489572396379401
672	2.8970853680180872
673	3.2719353290710935
674	1.4127437015780622
675	3.2094597686664628
676	2.616668046287276
677	2.4534773100682084
678	3.030130903770736
679	3.030130903770736
680	2.474200542199139
681	3.254480173159759
682	2.3951585051093276
683	3.0326120260022997
684	2.2352612342847373
685	2.7413656650991394
686	3.7814106263309815
687	2.4842503062798444
688	2.142738772052631
689	3.452142082688304
690	2.7323261542159134
691	3.1594542368439416
692	2.276721199256287
693	2.5019872178110183
694	2.7447946887532173
695	2.3894448357240217
696	2.265919018217369
697	2.8273033019863703
698	2.504423335790627
699	2.8870838333492195
700	3.3037220087660075
701	2.9420548639416086
702	2.4345192903177635
703	3.1550761193284877
704	2.760058117801556
705	2.6572895754336012
706	2.986182440664117
707	2.8682696134783283
708	2.8383001903999645
709	1.6210636529183509
710	4.065209581453961
711	2.7916064578015614
712	3.0219132374107587
713	2.0636464759703492
714	2.8603765232153093
715	3.254480173159759
716	2.988413870202554
717	3.192926939521261
718	2.772144658509924
719	2.428482667028147
720	2.8933428321502226
721	3.439335865729495
722	2.276721199256287
723	3.0962334249868113
724	2.8713172843130166
725	3.2985725528549596
726	2.7447946887532173
727	2.5009650942330817
728	2.7038101796815326
729	2.6612113684061978
730	2.458181613280681
731	3.323902601329401
732	2.678265192676388
733	2.7916064578015614
734	2.240200188239959
735	3.2918808528
736	2.500456086258077
737	3.586070830630087
738	2.4794551033494483
739	3.011230117912679
740	1.9381939597170526
741	2.0459139164839972
742	2.271515794145924
743	3.2985725528549596
744	2.668559602235808
745	3.5433511089730247
746	2.8240889839791268
747	2.2847046985162627
748	3.0675336996970186
749	2.417089527279233
750	2.696076891325572
751	2.2847046985162627
752	2.433310274066971
753	3.680631865269519
754	2.1659587693202775
755	2.6023110950544766
756	3.049380276207449
757	2.9340253736673665
758	2.297493852607156
759	2.952666028316985
760	3.26201429607565
761	3.2449777190930664
762	2.9570726717312534
763	2.783489807615737
764	3.3928538007757965
765	2.6284603011550907
766	2.9629878445056694
767	2.4966561649638237
768	2.9629878445056694
769	3.00827543366832
770	2.6572895754336012
771	3.260084688250601
772	2.7697814409634764
773	2.246360794151884
774	3.009391174490877
775	2.9084107366485323
776	2.3647435357940907
777	3.1552064740871315
778	3.125340668245518
779	2.6578395154485968
780	3.0887953641753514
781	3.09144948194303
782	2.6135492039682204
783	2.607533205988649
784	2.6632803290062728
785	1.499195801459884
786	3.3707884011200377
787	2.4909910689785244
788	3.6680140764588276
789	3.040999535964526
790	2.592274393480768
791	2.592274393480768
792	3.1387508523661696
793	2.478053943507621
794	3.339812052037939
795	1.9034710394463294
796	3.5774157253485734
797	2.3707805833342217
798	2.811779498940316
799	4.019694817857618
800	3.912334178854165
801	2.6023110950544766
802	2.3707805833342217
803	2.6124372959913345
804	3.352647331309916
805	2.1574365337639474
806	3.023942387308559
807	2.857578085586701
808	2.0297698979412075
809	2.748822132686997
810	3.5301225602219666
811	2.59906757102196
812	2.754455482323584
813	2.249579665038057
814	2.312202212256624
815	2.9158099151550134
816	3.4455379999109153
817	3.4455379999109153
818	3.659540698816736
819	3.100881014100724
820	3.1250402906231165
821	2.2416735328530564
822	2.6692786144960907
823	3.5699154382061207
824	3.688085416977753
825	3.5699154382061207
826	2.59906757102196
827	2.50649671845173
828	3.591345399888555
829	3.2560097707295106
830	2.59906757102196
831	3.2794705911762945
832	3.7313452925082546
833	2.710496652482046
834	2.5607480559090834
835	3.70904936828768
836	2.366574361158285
837	2.361913995107577
838	2.999479090744058
839	2.526009929593291
840	2.3435885385015456
841	2.96084599967137
842	2.4731873884835345
843	2.9179996351661184
844	3.2539515829424914
845	3.1340090142084818
846	2.8233181372264955
847	2.920279043920786
848	2.399422173098017
849	3.124666387464596
850	3.296062242674598
851	2.612766958154699
852	2.917029427254947
853	3.821888454469522
854	2.778030829122703
855	2.778030829122703
856	3.0338368995001197
857	2.812990842940355
858	1.958323147401284
859	3.14559154962019
860	2.827283064221645
861	2.6240838115072163
862	3.1277997183081547
863	3.1277997183081547
864	2.235799570071178
865	2.7702832362956773
866	2.9701845854859616
867	2.253227482377925
868	3.4595307679784186
869	2.563801737078009
870	2.994536788755343
871	3.134133966723494
872	3.6223208926135686
873	2.6381347762899967
874	2.287368604592345
875	2.7923314358731366
876	3.1452723627288193
877	2.780824039116417
878	2.1694880181836047
879	3.4351971866638347
880	2.8289688526361916
881	3.4560194127293613
882	2.494186778192485
883	2.9995470760307708
884	3.2409469645547073
885	2.372811905760873
886	2.4675772627780623
887	2.6330703072469372
888	3.3137034218666104
889	2.9042628581874306
890	2.3356323224439017
891	2.9042628581874306
892	2.694521368184993
893	2.7764539833789783
894	3.2404869025723957
895	2.372811905760873
896	2.843469557215406
897	2.4965294069163955
898	2.914678079705437
899	2.2601753155676985
900	2.4144745281402558
901	1.5075200689538524
902	3.578251438840804
903	1.499195801459884
904	2.5378222624031346
905	2.920634141503872
906	3.0838120856114544
907	1.7654389121283522
908	3.3898543428014807
909	3.2704074623805885
910	1.6986821978849742
911	2.9479303369118783
912	3.198438059758535
913	2.9604841536462674
914	2.6240838115072163
915	1.997962696937261
916	2.5583956417780565
917	2.9701015095679044
918	3.2703111996015326
919	2.8442021289501995
920	3.1051060946405267
921	3.358978516256132
922	1.9675520946277487
923	1.390106500755588
924	2.43476135818763
925	2.2007353830681757
926	2.2195582402488014
927	2.5875364754503183
928	2.0470434935164192
929	3.2205394518201764
930	2.596645902113775
931	2.78335406160915
932	2.4121355336506385
933	2.458471404376669
934	3.2612323419098304
935	2.810971992523714
936	3.308285589563504
937	2.9712836121899326
938	1.499195801459884
939	3.5417036471723935
940	2.7863414907648596
941	2.8150926887955907
942	2.6646033393516917
943	2.973096790510198
944	2.907765976590909
945	2.7196973894948195
946	3.1316817730754867
947	3.572476013222122
948	3.060847713773543
949	2.9518727817499784
950	1.6777215530115994
951	2.1671899009128333
952	1.8298422119772266
953	2.3789842435337
954	2.5631173150268705
955	2.458471404376669
956	2.7852548141912115
957	2.7365080081456714
958	2.5273726220444797
959	2.161907564770186
960	2.5753455250394617
961	3.6566142067250467
962	2.4072280729951165
963	2.2554075474521986
964	2.8973161506629097
965	2.400978455151781
966	2.5618008812085074
967	2.7507005620955285
968	2.400978455151781
969	2.5618008812085074
970	3.5420016729817076
971	3.115527296850421
972	2.3712789894928097
973	2.655429283962293
974	2.4735183813633217
975	2.6349630443476437
976	3.330087359798936
977	2.191793823373707
978	2.7765309864272196
979	2.7364922899306237
980	2.7507005620955285
981	2.942719557058906
982	2.7403692261481116
983	2.4623562781211286
984	2.8355286120348224
985	2.965196289280587
986	2.4426276225335344
987	3.36769860000291
988	2.690191213225367
989	3.268430794821652
990	2.595531092953597
991	2.4426276225335344
992	2.735043890976776
993	2.7646456784888658
994	2.725168002193791
995	2.7755740044654664
996	2.726140900646561
997	2.9927563808995186
998	2.9927563808995186
999	2.4417486468560883
1000	3.582467938405943
1001	2.3595297043205923
1002	2.297886871966674
1003	2.7777680132401965
1004	3.5963160260127203
1005	2.3595297043205923
1006	3.3111219941512524
1007	3.2036319914103712
1008	3.405264299463129
1009	3.4364882301399744
1010	2.7777680132401965
1011	3.4274965894808593
1012	2.9920006985512804
1013	2.297886871966674
1014	3.240026466114268
1015	2.677072119537483
1016	2.644200174717036
1017	2.37028541261313
1018	2.381057253160615
1019	2.9078474901119153
1020	1.7044745766700147
1021	2.597916248436412
1022	2.597916248436412
1023	3.227145149451295
1024	3.1027626655709835
1025	2.5181459359336418
1026	2.9109446955128764
1027	2.2771896193919083
1028	3.1833397576635156
1029	2.5988522881228198
1030	2.410820470670293
1031	3.520295878833741
1032	2.9920006985512804
1033	2.210573154775882
1034	2.4559172392111592
1035	2.775776432743821
1036	3.467896976643216
1037	2.387561073192032
1038	3.101265477747243
1039	2.7507005620955285
1040	2.4426276225335344
1041	3.2480338458374094
1042	2.456121248768444
1043	3.186548266898623
1044	2.4630781656286165
1045	2.3605132932406
1046	3.1893129206846145
1047	3.4784892087282118
1048	3.2388976678619334
1049	3.2388976678619334
1050	2.50067346105688
1051	3.3410209415807492
1052	3.3930958838052243
1053	3.394824780922779
1054	2.7333219498912014
1055	2.854647806308038
1056	2.595531092953597
1057	2.6450900167320133
1058	3.3958875752721047
1059	3.1266994749493686
1060	3.1266994749493686
1061	3.1266994749493686
1062	2.8046426473065647
1063	2.191864076814597
1064	3.241951369899392
1065	3.4364882301399744
1066	3.0017497629749474
1067	1.8043680175661032
1068	1.525817438765793
1069	2.602499884897857
1070	3.403240572951846
1071	3.14089897048203
1072	1.6777215530115994
1073	3.064912291667118
1074	2.213658134157319
1075	1.8076245791953027
1076	2.717908529326623
1077	3.004942460414787
1078	3.1876848440138907
1079	2.533979534388365
1080	3.0205273019009717
1081	2.8337422591385515
1082	3.240534519937994
1083	3.224061164153789
1084	2.727055188680119
1085	2.6195287981547306
1086	2.1397238249458437
1087	3.1642824083364767
1088	2.9648312405196586
1089	2.5226539262231404
1090	3.2235507414766857
1091	2.717908529326623
1092	2.595531092953597
1093	2.2130576020074106
1094	2.0472383533396052
1095	3.055358908506648
1096	2.0981729642280578
1097	3.2874399939265904
1098	3.273845724172745
1099	3.0347800194547743
1100	2.8047526364194093
1101	2.9167656714972328
1102	2.59201227012894
1103	3.224061164153789
1104	2.6382838576903382
1105	2.718348362146329
1106	3.6696743103830904
1107	3.676288357591818
1108	2.8403820041589842
1109	2.319490634162787
1110	2.001216061049344
1111	3.1788079474411504
1112	1.955556809779583
1113	2.207994599735932
1114	2.9145400523615166
1115	2.9951087844336817
1116	2.9342712031234175
1117	2.680729076704558
1118	1.5332153089458256
1119	3.0739743598922593
1120	1.8298422119772266
1121	3.2361174130416406
1122	2.928931584877078
1123	3.046548150555432
1124	2.837406073827285
1125	2.508192716505571
1126	2.867525477468186
1127	2.9560516208294594
1128	2.4869077230575147
1129	2.7343105016262825
1130	2.9181310223172527
1131	1.9711275861209707
1132	2.740812761763555
1133	2.457859710562642
1134	3.673947067744063
1135	2.4053809029944206
1136	1.6443132226496355
1137	2.0100389020742147
1138	2.9727368289468075
1139	3.6803606917909826
1140	3.11614518291595
1141	2.392990110991325
1142	2.6271929687595685
1143	2.7483054697696883
1144	2.063224404883359
1145	1.9130516235321924
1146	3.3243140241284497
1147	3.089383624633591
1148	1.9130516235321924
1149	2.954665815169292
1150	2.954665815169292
1151	3.809118364965207
1152	2.198481364384652
1153	3.404860628642145
1154	2.169271562886345
1155	2.169271562886345
1156	2.5784900783062823
1157	3.8833634304811904
1158	2.953583447183774
1159	2.2946741137626185
1160	3.569606797197635
1161	3.1657439438597055
1162	2.387628904482811
1163	3.3001200253791554
1164	3.03657445702928
1165	2.954665815169292
1166	2.9920766056739576
1167	3.0216050847115605
1168	2.9643380431325337
1169	3.1334034373793695
1170	2.9054982957244633
1171	2.4109486281783488
1172	2.478053943507621
1173	2.2173561093640792
1174	2.674543840711457
1175	2.1794952265523695
1176	3.107697709124331
1177	2.387628904482811
1178	3.765187194718843
1179	2.4123491450062104
1180	3.1100593902317257
1181	2.9084459066657296
1182	3.3673663347322647
1183	3.1112622482588344
1184	1.814203106726657
1185	2.8207976571374305
1186	2.6796990586510674
1187	2.4123491450062104
1188	2.9084459066657296
1189	2.984207355648795
1190	3.041605934315687
1191	2.4758981303991763
1192	2.7879332504523737
1193	2.4123491450062104
1194	2.575934516429071
1195	2.6115340323304825
1196	2.4123491450062104
1197	2.994797359633619
1198	2.3987856786681845
1199	2.9892069746315424
1200	2.4133533186656058
1201	3.509893328267676
1202	2.4225597392415517
1203	3.1792633537550157
1204	2.4133533186656058
1205	3.090236155633477
1206	3.487984986542911
1207	2.6479512264062315
1208	2.2462032792900137
1209	2.4594822465781534
1210	2.9661516603240203
1211	2.5912559189888897
1212	2.0126520700888175
1213	3.698657447603628
1214	3.550213097495048
1215	3.1770071739923313
1216	3.430219621129924
1217	2.801161849496497
1218	2.4918503859333097
1219	2.353408011429783
1220	3.3198771638130165
1221	3.1133173976443724
1222	2.4010487536296194
1223	2.677072119537483
1224	2.865769305548037
1225	1.513358068026625
1226	2.824724631434186
1227	3.0413989562593953
1228	3.242654973525431
1229	2.9638792352787853
1230	3.4780520293111525
1231	2.2078516527753917
1232	2.1875706396783308
1233	2.6067999472504026
1234	2.807424701143118
1235	2.0731067921811364
1236	2.256300086806593
1237	2.2173561093640792
1238	3.0758719655391817
1239	2.6544844546268362
1240	2.4150672453358877
1241	3.0758719655391817
1242	2.759117267538556
1243	3.566295772047428
1244	2.7644038340916253
1245	2.8901804047940614
1246	2.8901804047940614
1247	3.0775711571426445
1248	2.925012823415967
1249	3.2506634691543663
1250	2.950341675554082
1251	3.152533504719132
1252	2.7603771631990996
1253	2.5816658832375046
1254	3.5468035587292652
1255	2.39286242528666
1256	3.138783196039281
1257	2.5524049810159526
1258	2.4296986788171138
1259	3.3313974868138825
1260	2.39286242528666
1261	1.8968733966093236
1262	2.402255859724355
1263	3.18082126496253
1264	2.980327433226797
1265	2.7856111059465776
1266	2.39286242528666
1267	3.1019771811364136
1268	3.1626466908560493
1269	2.852177095079916
1270	3.3575234588048
1271	3.188496903493837
1272	2.828613333933284
1273	2.925190773513164
1274	2.9419300265184014
1275	3.1958665305558553
1276	3.219346531748113
1277	2.9419300265184014
1278	2.9419300265184014
1279	2.6179332016896675
1280	2.9419300265184014
1281	2.3929781525065543
1282	2.8895655527794784
1283	2.602793128037905
1284	2.2007353830681757
1285	2.6542274607630256
1286	3.166283440605104
1287	3.1056425014644526
1288	2.64430340548252
1289	3.090362684425775
1290	2.1556472256812356
1291	2.809882683073146
1292	3.0978825528416647
1293	2.498432164862152
1294	2.581559866960276
1295	2.015375459290629
1296	3.159873257490406
1297	2.0100265920653846
1298	2.3890252008082538
1299	2.387557752551827
1300	2.2376596973621443
1301	3.2824668158896895
1302	2.387557752551827
1303	2.0100389020742147
1304	2.467347575650723
1305	2.6003329587592745
1306	3.01772154613917
1307	2.6320773536871864
1308	2.7787228902622187
1309	2.6953836270575917
1310	3.2638883830612797
1311	3.3516377640996584
1312	3.4056368431393063
1313	2.9622650258282754
1314	2.864292104610294
1315	1.8395841073348127
1316	3.038710248624562
1317	3.127412239716895
1318	2.634836514723133
1319	3.2210390835059197
1320	2.029260070235522
1321	3.31441449295073
1322	1.944264557616847
1323	2.519761789819995
1324	2.6146626493647807
1325	2.5948147792041434
1326	3.3892227743419934
1327	3.421328601480513
1328	2.4865635614957613
1329	2.5868280726022834
1330	3.6837300853118875
1331	3.150133739678739
1332	3.1500606231749497
1333	2.3871427394716673
1334	3.01772154613917
1335	2.3878234066034687
1336	2.371499675724146
1337	1.897024603618696
1338	2.7031000128701996
1339	2.487047910399559
1340	2.492860668989533
1341	2.7459279933624297
1342	2.0327477063170885
1343	1.897024603618696
1344	2.5868280726022834
1345	2.354739173151376
1346	3.145018507991543
1347	3.314652669782731
1348	2.993121928771443
1349	2.015375459290629
1350	2.8819612213400445
1351	3.0026175720839667
1352	2.5011350041479177
1353	3.0012830401057182
1354	3.548898487755545
1355	2.990207840852567
1356	2.178516695501871
1357	2.9505194042094947
1358	2.155308230416176
1359	3.7093107019396996
1360	2.991696004491646
1361	3.67922358015362
1362	2.6320773536871864
1363	3.0328539673333283
1364	3.325824454166163
1365	2.188312630403706
1366	3.511589418778105
1367	3.090075917448413
1368	2.6146626493647807
1369	2.6146626493647807
1370	2.387557752551827
1371	2.1342576874743253
1372	3.149272030522478
1373	2.5011350041479177
1374	3.0751423548788726
1375	2.9256313427637486
1376	3.0751423548788726
1377	2.628438894334687
1378	3.014671555159524
1379	2.7773155455960943
1380	2.387557752551827
1381	2.4865635614957613
1382	2.950946831410853
1383	2.950946831410853
1384	2.9428611963874953
1385	2.623310047390413
1386	2.634298906702832
1387	3.29457259866982
1388	3.318232278654039
1389	2.4482385400717996
1390	3.1628447821632735
1391	2.8411938443351303
1392	3.865942509936783
1393	2.504449931482566
1394	3.017267355161809
1395	2.4440033403232193
1396	3.0026175720839667
1397	2.99695675301793
1398	2.4159937113868066
1399	3.003089673276111
1400	3.0129002222598857
1401	3.0206075843584608
1402	2.4440033403232193
1403	3.0161077627718518
1404	3.5117819529866443
1405	3.0181344424917245
1406	2.4440033403232193
1407	2.9681814822879695
1408	3.1918811080233382
1409	2.9681814822879695
1410	2.590434042206306
1411	2.726286783279357
1412	2.3245614829998704
1413	2.507644792594233
1414	2.751812726432831
1415	3.4425552481626296
1416	1.8319371554414972
1417	2.773230830528537
1418	3.151988050517854
1419	2.264225198501361
1420	2.9212445224659236
1421	1.944264557616847
1422	3.084215311002509
1423	3.1179885701332024
1424	3.3345458311352543
1425	2.7923727394821753
1426	3.1216014938477326
1427	2.2725420670025556
1428	2.5608772258659425
1429	2.8415531417174478
1430	3.147641777185137
1431	2.3029634227404046
1432	3.575327404980615
1433	3.279727620763527
1434	2.976044393211626
1435	2.859129254490395
1436	3.068771904867571
1437	2.8696294532849125
1438	2.748572383679011
1439	3.0786515096997213
1440	2.674131092670033
1441	2.8411938443351303
1442	2.8688888738063407
1443	2.4482385400717996
1444	2.491906643097158
1445	2.916330453657268
1446	2.9428611963874953
1447	2.7172685157510568
1448	2.5277745230875337
1449	2.6693062326140713
1450	3.0267380127198784
1451	3.466170367490161
1452	3.45774380258609
1453	2.507644792594233
1454	2.8637222308957764
1455	2.491906643097158
1456	2.30096710414604
1457	3.523068108960179
1458	2.8240109703875804
1459	2.2952990095038834
1460	3.3789958219825915
1461	2.8050071334461246
1462	3.0424922282011524
1463	3.2991857315554944
1464	3.009751853625546
1465	3.302636757789454
1466	2.6843521661664695
1467	1.4868178708188162
1468	2.9506650257236546
1469	2.6842459449364613
1470	1.4868178708188162
1471	2.178516695501871
1472	2.655429283962293
1473	2.773230830528537
1474	2.2803416989429404
1475	2.5816208727224943
1476	2.4708038011863414
1477	2.217439136055621
1478	2.043213030460356
1479	2.4967621365346573
1480	3.215453023604179
1481	3.463958605537225
1482	2.8316932262745547
1483	3.2654264967955298
1484	3.0334151091057584
1485	2.986914991043446
1486	3.0179358349473144
1487	3.1217752805399113
1488	3.163946801014673
1489	2.4423808449003412
1490	3.477337107941838
1491	2.6277039591679388
1492	2.9797377600680073
1493	3.5807622224073516
1494	2.983797158386293
1495	2.5729305174541923
1496	3.0725376638164326
1497	2.217439136055621
1498	3.0145309801798352
1499	3.072067427815341
1500	2.95894297786914
1501	3.061928102150615
1502	3.311977460338086
1503	2.9759275992062744
1504	3.309209650223654
1505	2.6639558573215343
1506	3.737942080658816
1507	3.0062265044763676
1508	2.701743373258192
1509	1.869776730931589
1510	3.38741780507507
1511	3.5738764856780154
1512	3.186376251742495
1513	2.652743858914991
1514	3.328613051094718
1515	2.3759836589184364
1516	3.1335811029750524
1517	2.491906643097158
1518	3.432122471982021
1519	2.491906643097158
1520	2.009429642299929
1521	3.3574755680255675
1522	2.7117651741287006
1523	3.072067427815341
1524	2.752555512635339
1525	2.8700992749275436
1526	2.8991205937414795
1527	2.260072437633145
1528	2.6843521661664695
1529	2.681735805776402
1530	2.4923338683500207
1531	2.6639558573215343
1532	2.642808960786729
1533	3.8234101959426945
1534	1.869776730931589
1535	3.5738764856780154
1536	3.4115944810811545
1537	2.7468779921375246
1538	3.1682598747081028
1539	2.491906643097158
1540	2.6170058203419755
1541	2.458961858403403
1542	2.3918203540553886
1543	3.4795913027031737
1544	3.435433586147445
1545	2.0631020156849362
1546	3.159935021223334
1547	2.366097169292611
1548	2.1666163907870164
1549	2.8542686073403605
1550	3.3357472111639668
1551	3.3089722376978674
1552	2.6442774049185434
1553	2.2979996162227017
1554	3.1583915343798226
1555	3.394786008188731
1556	3.0128931360471087
1557	3.313091988571832
1558	2.6316748704367976
1559	2.238883445408714
1560	2.4714574319130453
1561	2.2324468349978024
1562	2.3918203540553886
1563	2.448346641272001
1564	2.458763671918274
1565	2.5631173150268705
1566	2.6774446307118094
1567	3.413534476472643
1568	2.6377448336301397
1569	2.236849479065316
1570	2.4718352928008263
1571	2.377621237820231
1572	2.074955987327647
1573	2.768757757619267
1574	2.491906643097158
1575	3.4925759068394333
1576	2.3988067457061355
1577	2.3490440239713406
1578	3.1443217347002954
1579	2.491906643097158
1580	3.264716932699586
1581	2.0404177706167435
1582	2.752018404175318
1583	3.103532756617853
1584	3.0106942080720214
1585	2.8440012960873484
1586	3.4163093318955
1587	2.0364330620594275
1588	2.722371334030646
1589	2.236849479065316
1590	3.1608491468860587
1591	2.074955987327647
1592	2.8426482557497623
1593	3.4189961855447635
1594	2.48532274736742
1595	3.2850649102927214
1596	2.8712334816520153
1597	2.9787128162845056
1598	2.6340931777272063
1599	2.3076052279843884
1600	3.791948307621941
1601	2.031835878364148
1602	3.139956735603154
1603	3.354666281547298
1604	2.9575653249084053
1605	2.0228066208436615
1606	2.830196839216383
1607	3.4558137455793005
1608	2.8421752091323964
1609	3.3127457309665296
1610	2.491617082513546
1611	3.1369468056982543
1612	3.0058170292964586
1613	2.137057028260398
1614	2.620071347363
1615	3.1178351028927036
1616	2.82984234405257
1617	2.805975900034597
1618	3.1647207168631617
1619	3.150716110977034
1620	2.4257857113417476
1621	2.031835878364148
1622	3.167866658506111
1623	2.8203416439059286
1624	2.491906643097158
1625	3.9620454108223018
1626	2.4456975082605235
1627	3.081213452764828
1628	3.3018727603099722
1629	3.4005739259805425
1630	2.8233891955283887
1631	2.8085813812735343
1632	3.427703761517003
1633	2.7323548482833084
1634	2.0487869925322273
1635	3.0293668208647624
1636	2.9687221808810635
1637	2.6209325552848974
1638	3.0108177020444433
1639	2.4257857113417476
1640	3.0396432333130776
1641	2.491906643097158
1642	2.537574177159289
1643	3.295261042476587
1644	2.8611916869347276
1645	3.1468544499984255
1646	2.0487869925322273
1647	2.9687221808810635
1648	2.8794346907161112
1649	3.0396432333130776
1650	2.612772792799651
1651	3.056024469420371
1652	2.8323979618141317
1653	2.705826312539973
1654	2.486726199430247
1655	1.4868178708188162
1656	2.7612817562018885
1657	2.4895217734681623
1658	2.707758206174761
1659	2.534077954149324
1660	2.31509208931291
1661	2.410621606261994
1662	2.8635735732391443
1663	3.1392238102896344
1664	3.1147087199873305
1665	3.291181707481831
1666	2.0083173326124566
1667	3.164552355970223
1668	2.470667064485668
1669	3.369579014956975
1670	3.456553959547557
1671	3.0989318496534524
1672	2.8351641641625647
1673	2.549113506230044
1674	2.8635735732391443
1675	2.585448878376098
1676	3.3411960378335865
1677	2.992733482843039
1678	2.9492321534187056
1679	2.4467221542847666
1680	2.0083173326124566
1681	2.6573536387555916
1682	3.139956735603154
1683	2.48212838432892
1684	2.9215684069618364
1685	3.6318650864769126
1686	3.2100993294669085
1687	3.001947872370818
1688	2.4566967699121576
1689	1.8423779565439937
1690	2.6340127587406044
1691	1.9616180082127923
1692	3.2800650212078044
1693	3.3504653274390273
1694	3.11891272408163
1695	2.6806596289885682
1696	2.6077166672077055
1697	3.260973930254864
1698	2.444985381473041
1699	2.5405166207137126
1700	2.444985381473041
1701	2.549113506230044
1702	2.980998187494809
1703	3.0937069883986092
1704	2.7923165961052256
1705	2.073981137838802
1706	2.848576209242443
1707	2.4467221542847666
1708	3.134484751072894
1709	3.1639543642836334
1710	3.0011664527906943
1711	2.932016959796698
1712	3.463760456508971
1713	2.990572136351172
1714	2.46209093057239
1715	3.1166597997044874
1716	2.648074364041761
1717	3.07398942347569
1718	3.2362087263881043
1719	2.814189377462
1720	2.46209093057239
1721	2.64415799154207
1722	2.923740894392159
1723	3.4179869983977045
1724	2.81146392027067
1725	2.980998187494809
1726	3.0175833875096547
1727	1.1822654261055212
1728	3.001068635693417
1729	2.8044378085105115
1730	3.447363898207545
1731	2.849751371836689
1732	3.837269233086359
1733	3.0399157662221006
1734	2.660979754061568
1735	2.3098409598143834
1736	1.8005641869867983
1737	2.9122619863005097
1738	2.978096565664065
1739	2.3756989793351013
1740	3.05811466350692
1741	2.4445443305474064
1742	2.0517943308634705
1743	2.9141979939192977
1744	3.35791889008428
1745	2.802384801374387
1746	3.0542301178650426
1747	2.9596015582658923
1748	3.4318463327544153
1749	2.8488171730320966
1750	3.0987164190102106
1751	2.4091019524622057
1752	2.0700926730463896
1753	3.1475741601735128
1754	2.6711761344554947
1755	2.8044378085105115
1756	2.064949979319255
1757	2.5018551647657667
1758	3.5988391105528703
1759	3.3463752501861594
1760	2.5372282869394103
1761	2.8933629396241303
1762	2.640785922619904
1763	2.9772075553574124
1764	2.7059266695830124
1765	2.0700926730463896
1766	2.852931149958737
1767	2.9362494450991603
1768	3.540445555978553
1769	3.453864804740173
1770	2.9873044667395106
1771	3.4065888649887452
1772	3.7181616172216123
1773	3.4558754170133317
1774	1.7310946882751916
1775	3.1434481718201344
1776	3.1611567652801074
1777	3.163515164346813
1778	3.44420101121808
1779	3.5366509364047976
1780	2.6026322173690954
1781	3.3911804595838464
1782	3.77742614746677
1783	3.4326658616327497
1784	3.313457536352041
1785	3.29402404898435
1786	2.654465229729392
1787	3.177927667971387
1788	2.7632549466974066
1789	1.8161652925291223
1790	3.564335787835483
1791	3.6918077081597036
1792	3.4084572007167973
1793	3.1364051776979283
1794	2.747674883111406
1795	2.9645432146975326
1796	2.4403742053674624
1797	2.6950381882305585
1798	2.4624016010922007
1799	3.310054935869169
1800	2.7356185486212654
1801	2.276605128024468
1802	2.8715771815570323
1803	2.446291434117597
1804	2.4403742053674624
1805	3.522801547053746
1806	3.41491888929105
1807	2.4624016010922007
1808	2.8325069760465373
1809	1.499195801459884
1810	3.225067035797277
1811	2.491906643097158
1812	2.5652534036872465
1813	3.09861718690929
1814	2.583504001990407
1815	3.625124667439185
1816	3.316185119159474
1817	2.6366530191843456
1818	2.959267572559068
1819	3.188556139058955
1820	2.773682995000632
1821	1.7963050002427008
1822	3.029735789238614
1823	2.063777281500139
1824	3.433181451317727
1825	2.54436940488943
1826	3.775000796478038
1827	3.237046874489278
1828	3.2541042754240808
1829	2.4339311860379182
1830	2.8490422958172856
1831	2.5652534036872465
1832	2.650442120242063
1833	3.155970035895378
1834	2.8311641362954827
1835	2.7892440812137753
1836	2.8226828062349942
1837	3.384577740634736
1838	2.597132685325717
1839	3.384577740634736
1840	3.325732658814926
1841	3.611767148030567
1842	2.6366530191843456
1843	3.28329397444802
1844	2.8238330542938126
1845	3.4634495439859587
1846	2.6349034805166585
1847	2.8535093978063006
1848	2.8156237461728053
1849	2.2386126801977886
1850	3.3600868468898626
1851	3.2924450703387085
1852	2.551700845044817
1853	3.072507930855679
1854	2.4801831738162092
1855	2.8226828062349942
1856	2.4744332023880586
1857	2.6554287739544655
1858	3.0075884610279493
1859	2.991469687143867
1860	3.4337411085230363
1861	3.5565548861894367
1862	3.3388324699268406
1863	2.218417889353815
1864	1.9023772516509627
1865	3.1355610373992557
1866	1.4906080434281095
1867	1.810806256395762
1868	3.216004573128137
1869	2.3001558364335506
1870	2.86518688007648
1871	2.8284382790034854
1872	3.409477143256559
1873	3.1478087632895413
1874	3.111807954681958
1875	2.8212418408325095
1876	2.404339718877874
1877	2.2002663338493638
1878	2.9686765311261607
1879	2.0635634235698115
1880	3.121638562965348
1881	2.8162143107269215
1882	2.6501897466032163
1883	2.4447134188549766
1884	2.585153368316759
1885	3.434163622637623
1886	3.7631265945257226
1887	2.7234616006202095
1888	3.124590442949068
1889	2.932461614388513
1890	3.037438525073163
1891	3.040576967915396
1892	3.1338809932090173
1893	2.8243848970740375
1894	3.289621787494825
1895	2.83054345439292
1896	2.9856958097129267
1897	2.669758595639286
1898	2.660507193626836
1899	3.3755599285505316
1900	2.4405035793360303
1901	2.021613866119357
1902	2.7994346028926715
1903	2.869468448449583
1904	2.6476098534339183
1905	3.011870071087941
1906	2.9148887020771026
1907	2.4389025214031994
1908	2.944731506888623
1909	2.4372737820690165
1910	3.384351651715036
1911	3.449276396423532
1912	3.236275480042408
1913	3.155840658845849
1914	2.4241550570625687
1915	2.6843529556665926
1916	2.8691841948754817
1917	3.4693154526482024
1918	2.6688826569464186
1919	2.6023907183427055
1920	2.4800582070147716
1921	2.403087907600071
1922	2.3028444673256967
1923	3.1549767277269454
1924	3.1553321842804167
1925	1.8276980670884178
1926	2.9878113540311166
1927	3.100442860434938
1928	3.5980393483710795
1929	2.6489470565059556
1930	2.4334686996610815
1931	2.8455146540836758
1932	2.184817449467031
1933	2.360140090363487
1934	3.4469034043523394
1935	2.9967125995844492
1936	2.287118536838409
1937	2.242222477456019
1938	2.461397043553512
1939	3.072121024444163
1940	3.1683744032578547
1941	3.2647309228861765
1942	3.536204442754848
1943	2.9546618347385896
1944	2.831920560970129
1945	3.0262284961242303
1946	3.167741849517123
1947	3.4380219183740555
1948	3.107370290038499
1949	2.8021996450418003
1950	3.112602432174738
1951	2.9909263639114654
1952	2.9484822363519787
1953	2.651654495753318
1954	3.1111977595262617
1955	2.8061819655743374
1956	2.9786192298074177
1957	3.3429500812085475
1958	3.115854682969429
1959	2.5383378483013344
1960	2.6597078538595498
1961	3.425277567277435
1962	3.0257802572008297
1963	2.967875702944644
1964	3.2437591219996986
1965	2.990709572690928
1966	3.3338916368865927
1967	2.639095357896236
1968	2.450371970877425
1969	3.1519340443545056
1970	2.974077426654755
1971	3.3166814059121807
1972	3.753014238976066
1973	3.314626330611401
1974	3.5464553290499525
1975	3.313410607731228
1976	3.1791172988919922
1977	2.6401408420326264
1978	2.6869844678942725
1979	2.6465424019500965
1980	2.042947252587201
1981	2.812692353973313
1982	3.0022892897405473
1983	3.0646296878680683
1984	2.8474606738765074
1985	2.4751477547543956
1986	2.851996760340326
1987	2.7829779082474873
1988	3.3284031239385348
1989	3.436941697473765
1990	2.60857266054509
1991	3.5359063998069127
1992	2.8638055492164978
1993	3.0747943955257697
1994	2.660709577387569
1995	3.22578856892411
1996	2.273613081016737
1997	2.4599478484127832
1998	2.2867956061052177
1999	2.3302698857984385
2000	2.0484679019297958
2001	2.315089340888949
2002	3.3021351714866567
2003	2.6535428528332567
2004	2.5973559918815
2005	3.147258443538296
2006	2.4528749816434186
2007	2.6312211090909443
2008	3.393993012607427
2009	4.115677022293256
2010	2.6570588195842832
2011	2.7651248161782154
2012	3.06251105942395
2013	2.680213114412339
2014	2.429771252794873
2015	2.793423723361745
2016	3.0397237365174843
2017	2.6747117892095593
2018	3.0335169133367197
2019	1.7658771417976964
2020	2.8386426179303417
2021	3.037150839513562
2022	3.686367424750548
2023	2.5024638989387076
2024	3.2947020028962757
2025	3.1745129242723125
2026	3.3964930729991503
2027	3.101385306822202
2028	3.2989447223088484
2029	2.829071202117968
2030	2.472203987229104
2031	2.646953811759131
2032	2.810468134995579
2033	2.9817404199730864
2034	2.6281435264263284
2035	2.9797238947574
2036	2.7936227417398594
2037	3.012150464891216
2038	2.600227775540615
2039	2.2845952952170308
2040	2.435061427822456
2041	2.776846909325979
2042	2.990924509365797
2043	2.943304985068248
2044	2.811938365384517
2045	2.7801759568528897
2046	2.299032219000445
2047	2.176274330935912
2048	2.9598226234524363
2049	2.6932282862817276
2050	2.9824416609889752
2051	2.6616075538177055
2052	2.4788612145898585
2053	3.1282030521601523
2054	2.9534736663686907
2055	2.991127148599383
2056	3.527104125086348
2057	2.275680930278373
2058	2.66458879710021
2059	3.5550232875956382
2060	2.4035587825106703
2061	3.0110139468075703
2062	2.660474309298713
2063	2.500567353361436
2064	2.9078353640262224
2065	2.242296217297954
2066	2.2453125666886584
2067	3.2765350675800766
2068	2.861888187870939
