0	7
1	5
2	12
3	9
4	6
5	7
6	9
7	14
8	7
9	12
10	16
11	13
12	15
13	6
14	7
15	11
16	3
17	10
18	3
19	5
20	5
21	15
22	8
23	8
24	6
25	8
26	9
27	12
28	8
29	9
30	10
31	10
32	7
33	9
34	11
35	12
36	7
37	10
38	10
39	16
40	9
41	14
42	7
43	14
44	12
45	9
46	5
47	8
48	12
49	12
50	8
51	10
52	9
53	13
54	11
55	14
56	7
57	17
58	11
59	12
60	11
61	8
62	11
63	15
64	8
65	12
66	11
67	18
68	10
69	8
70	5
71	11
72	4
73	11
74	12
75	6
76	4
77	9
78	15
79	11
80	10
81	5
82	9
83	9
84	11
85	12
86	12
87	7
88	3
89	16
90	13
91	10
92	6
93	10
94	6
95	10
96	6
97	7
98	14
99	9
100	9
101	8
102	13
103	9
104	9
105	13
106	3
107	9
108	10
109	13
110	8
111	14
112	4
113	6
114	11
115	9
116	9
117	7
118	7
119	7
120	11
121	5
122	11
123	7
124	15
125	6
126	9
127	4
128	11
129	9
130	12
131	10
132	14
133	8
134	11
135	18
136	15
137	9
138	8
139	9
140	20
141	12
142	10
143	9
144	12
145	14
146	15
147	11
148	9
149	13
150	18
151	11
152	11
153	7
154	11
155	6
156	9
157	13
158	15
159	8
160	8
161	16
162	5
163	11
164	13
165	11
166	16
167	11
168	13
169	7
170	17
171	14
172	14
173	11
174	9
175	8
176	12
177	13
178	12
179	12
180	15
181	8
182	5
183	10
184	12
185	8
186	6
187	15
188	11
189	13
190	8
191	14
192	9
193	8
194	7
195	11
196	14
197	12
198	11
199	9
200	11
201	7
202	15
203	12
204	4
205	15
206	11
207	11
208	10
209	10
210	11
211	3
212	15
213	14
214	13
215	13
216	16
217	10
218	15
219	4
220	8
221	13
222	14
223	7
224	16
225	19
226	12
227	14
228	12
229	12
230	16
231	17
232	9
233	8
234	10
235	7
236	8
237	13
238	13
239	9
240	18
241	12
242	9
243	11
244	13
245	10
246	11
247	8
248	10
249	16
250	13
251	7
252	11
253	4
254	12
255	11
256	10
257	8
258	13
259	10
260	13
261	9
262	12
263	17
264	8
265	13
266	15
267	14
268	14
269	11
270	12
271	14
272	15
273	13
274	11
275	9
276	6
277	13
278	8
279	3
280	7
281	4
282	13
283	11
284	16
285	13
286	11
287	12
288	12
289	13
290	12
291	13
292	15
293	19
294	9
295	14
296	16
297	17
298	14
299	16
300	13
301	6
302	7
303	8
304	15
305	6
306	11
307	11
308	13
309	9
310	15
311	11
312	13
313	11
314	13
315	10
316	9
317	10
318	14
319	9
320	11
321	8
322	10
323	13
324	10
325	11
326	6
327	14
328	9
329	11
330	8
331	12
332	14
333	11
334	12
335	14
336	8
337	12
338	11
339	15
340	18
341	14
342	12
343	11
344	8
345	6
346	6
347	12
348	12
349	8
350	17
351	14
352	10
353	12
354	11
355	9
356	10
357	11
358	9
359	10
360	10
361	14
362	8
363	9
364	13
365	12
366	11
367	13
368	10
369	7
370	11
371	12
372	7
373	8
374	14
375	7
376	6
377	10
378	17
379	8
380	12
381	8
382	4
383	8
384	7
385	6
386	9
387	10
388	6
389	11
390	8
391	19
392	13
393	11
394	8
395	9
396	7
397	7
398	11
399	11
400	7
401	10
402	11
403	11
404	5
405	7
406	10
407	8
408	7
409	13
410	4
411	6
412	10
413	15
414	12
415	14
416	10
417	10
418	10
419	11
420	7
421	12
422	9
423	13
424	15
425	12
426	10
427	11
428	5
429	12
430	9
431	15
432	15
433	8
434	9
435	12
436	12
437	12
438	9
439	9
440	10
441	8
442	10
443	12
444	14
445	13
446	14
447	12
448	13
449	11
450	7
451	7
452	14
453	8
454	4
455	15
456	11
457	13
458	17
459	15
460	13
461	7
462	14
463	13
464	12
465	10
466	7
467	8
468	13
469	13
470	7
471	15
472	13
473	12
474	10
475	9
476	11
477	8
478	12
479	17
480	8
481	14
482	10
483	13
484	9
485	11
486	9
487	7
488	15
489	9
490	12
491	13
492	12
493	10
494	10
495	11
496	9
497	10
498	7
499	8
500	8
501	9
502	14
503	10
504	5
505	10
506	8
507	11
508	12
509	7
510	12
511	14
512	8
513	4
514	9
515	11
516	9
517	8
518	14
519	16
520	11
521	7
522	14
523	12
524	8
525	8
526	11
527	9
528	5
529	5
530	5
531	20
532	8
533	8
534	12
535	8
536	7
537	14
538	16
539	10
540	14
541	3
542	13
543	9
544	8
545	11
546	9
547	12
548	7
549	11
550	7
551	9
552	17
553	8
554	6
555	14
556	8
557	12
558	6
559	10
560	13
561	7
562	7
563	10
564	8
565	13
566	17
567	10
568	10
569	12
570	10
571	8
572	10
573	9
574	12
575	4
576	19
577	10
578	11
579	5
580	9
581	12
582	12
583	10
584	11
585	15
586	11
587	10
588	13
589	8
590	13
591	12
592	8
593	13
594	8
595	6
596	12
597	8
598	17
599	7
600	12
601	6
602	6
603	7
604	13
605	9
606	14
607	10
608	6
609	9
610	7
611	10
612	9
613	16
614	6
615	10
616	11
617	14
618	6
619	11
620	13
621	13
622	11
623	10
624	13
625	8
626	11
627	9
628	7
629	12
630	10
631	6
632	11
633	10
634	7
635	10
636	11
637	8
638	9
639	11
640	8
641	10
642	8
643	3
644	12
645	7
646	17
647	12
648	9
649	13
650	7
651	12
652	5
653	15
654	7
655	11
656	17
657	19
658	8
659	13
660	7
661	10
662	12
663	7
664	9
665	15
666	10
667	9
668	9
669	9
670	10
671	14
672	16
673	13
674	14
675	6
676	10
677	14
678	15
679	11
680	15
681	12
682	11
683	13
684	17
685	11
686	8
687	16
688	10
689	7
690	13
691	8
692	6
693	15
694	8
695	10
696	16
697	13
698	10
699	12
700	9
701	11
702	15
703	8
704	11
705	18
706	10
707	10
708	13
709	4
710	11
711	9
712	8
713	13
714	12
715	7
716	8
717	12
718	7
719	13
720	8
721	11
722	11
723	16
724	8
725	5
726	11
727	11
728	11
729	9
730	15
731	10
732	16
733	7
734	13
735	14
736	6
737	7
738	8
739	12
740	11
741	7
742	12
743	9
744	12
745	12
746	7
747	11
748	6
749	9
750	2
751	14
752	10
753	10
754	12
755	5
756	15
757	14
758	4
759	10
760	12
761	10
762	4
763	9
764	11
765	13
766	11
767	13
768	14
769	8
770	3
771	7
772	5
773	6
774	7
775	5
776	12
777	8
778	8
779	7
780	8
781	13
782	12
783	14
784	10
785	14
786	9
787	9
788	9
789	11
790	10
791	10
792	13
793	15
794	15
795	12
796	4
797	5
798	5
799	8
800	7
801	13
802	11
803	8
804	5
805	8
806	16
807	8
808	7
809	11
810	8
811	8
812	8
813	14
814	11
815	9
816	9
817	8
818	9
819	14
820	8
821	11
822	11
823	9
824	11
825	8
826	9
827	10
828	8
829	14
830	8
831	14
832	9
833	10
834	9
835	9
836	12
837	9
838	11
839	7
840	18
841	8
842	7
843	9
844	14
845	11
846	17
847	14
848	15
849	14
850	12
851	13
852	11
853	8
854	6
855	8
856	11
857	4
858	9
859	21
860	13
861	7
862	10
863	8
864	15
865	9
866	11
867	14
868	11
869	8
870	11
871	15
872	7
873	12
874	13
875	7
876	11
877	9
878	7
879	16
880	13
881	13
882	7
883	12
884	12
885	14
886	9
887	11
888	8
889	11
890	17
891	10
892	9
893	8
894	16
895	15
896	10
897	5
898	3
899	11
900	15
901	12
902	11
903	7
904	6
905	11
906	11
907	13
908	7
909	12
910	10
911	12
912	14
913	10
914	8
915	5
916	14
917	12
918	7
919	16
920	6
921	5
922	11
923	5
924	13
925	14
926	11
927	10
928	11
929	8
930	10
931	10
932	15
933	15
934	9
935	6
936	6
937	12
938	6
939	6
940	10
941	12
942	12
943	8
944	3
945	10
946	4
947	12
948	10
949	14
950	9
951	9
952	9
953	11
954	10
955	8
956	11
957	5
958	9
959	10
960	17
961	10
962	3
963	7
964	11
965	14
966	11
967	9
968	9
969	9
970	7
971	5
972	12
973	11
974	11
975	16
976	6
977	16
978	6
979	8
980	17
981	11
982	6
983	14
984	12
985	7
986	14
987	10
988	15
989	10
990	14
991	11
992	13
993	8
994	6
995	11
996	7
997	12
998	7
999	16
1000	9
1001	11
1002	10
1003	13
1004	11
1005	4
1006	10
1007	12
1008	12
1009	10
1010	8
1011	9
1012	8
1013	13
1014	11
1015	7
1016	10
1017	7
1018	14
1019	10
1020	13
1021	13
1022	14
1023	8
1024	8
1025	8
1026	10
1027	10
1028	8
1029	15
1030	16
1031	12
1032	14
1033	13
1034	7
1035	8
1036	12
1037	15
1038	7
1039	12
1040	3
1041	15
1042	11
1043	12
1044	10
1045	15
1046	7
1047	6
1048	8
1049	9
1050	5
1051	6
1052	11
1053	11
1054	7
1055	10
1056	14
1057	9
1058	11
1059	11
1060	10
1061	13
1062	14
1063	13
1064	10
1065	9
1066	14
1067	7
1068	12
1069	8
1070	7
1071	13
1072	8
1073	8
1074	11
1075	11
1076	9
1077	11
1078	13
1079	14
1080	12
1081	12
1082	9
1083	11
1084	10
1085	11
1086	11
1087	9
1088	9
1089	9
1090	8
1091	11
1092	12
1093	11
1094	8
1095	12
1096	6
1097	9
1098	13
1099	7
1100	10
1101	5
1102	11
1103	8
1104	7
1105	8
1106	7
1107	16
1108	10
1109	9
1110	11
1111	7
1112	10
1113	8
1114	13
1115	14
1116	13
1117	10
1118	12
1119	4
1120	10
1121	9
1122	9
1123	10
1124	5
1125	17
1126	5
1127	8
1128	8
1129	12
1130	14
1131	15
1132	7
1133	10
1134	16
1135	14
1136	16
1137	7
1138	10
1139	8
1140	6
1141	7
1142	10
1143	12
1144	11
1145	9
1146	7
1147	6
1148	12
1149	15
1150	12
1151	10
1152	10
1153	8
1154	11
1155	14
1156	10
1157	5
1158	11
1159	7
1160	15
1161	10
1162	14
1163	11
1164	11
1165	9
1166	16
1167	13
1168	6
1169	11
1170	13
1171	10
1172	8
1173	13
1174	10
1175	8
1176	10
1177	12
1178	9
1179	11
1180	15
1181	15
1182	9
1183	11
1184	9
1185	19
1186	7
1187	12
1188	8
1189	10
1190	10
1191	14
1192	12
1193	11
1194	13
1195	15
1196	12
1197	11
1198	12
1199	8
1200	11
1201	9
1202	11
1203	15
1204	5
1205	10
1206	11
1207	6
1208	11
1209	12
1210	10
1211	15
1212	11
1213	15
1214	6
1215	11
1216	14
1217	14
1218	9
1219	14
1220	12
1221	11
1222	9
1223	12
1224	10
1225	8
1226	12
1227	9
1228	11
1229	8
1230	9
1231	10
1232	9
1233	8
1234	11
1235	15
1236	13
1237	10
1238	8
1239	15
1240	9
1241	5
1242	14
1243	9
1244	15
1245	14
1246	12
1247	12
1248	8
1249	3
1250	13
1251	13
1252	6
1253	11
1254	8
1255	6
1256	6
1257	7
1258	12
1259	14
1260	10
1261	11
1262	10
1263	11
1264	11
1265	12
1266	13
1267	9
1268	14
1269	8
1270	9
1271	16
1272	11
1273	8
1274	10
1275	9
1276	13
1277	11
1278	11
1279	12
1280	12
1281	12
1282	8
1283	16
1284	12
1285	11
1286	8
1287	15
1288	15
1289	12
1290	9
1291	12
1292	9
1293	12
1294	14
1295	6
1296	15
1297	10
1298	9
1299	13
1300	10
1301	7
1302	15
1303	8
1304	8
1305	19
1306	14
1307	11
1308	13
1309	10
1310	9
1311	7
1312	14
1313	14
1314	6
1315	13
1316	14
1317	8
1318	13
1319	14
1320	12
1321	8
1322	7
1323	13
1324	12
1325	10
1326	14
1327	10
1328	6
1329	7
1330	8
1331	7
1332	9
1333	13
1334	13
1335	8
1336	6
1337	6
1338	8
1339	6
1340	8
1341	17
1342	7
1343	14
1344	12
1345	14
1346	5
1347	9
1348	11
1349	11
1350	9
1351	15
1352	4
1353	10
1354	12
1355	9
1356	16
1357	7
1358	12
1359	11
1360	11
1361	9
1362	8
1363	18
1364	7
1365	15
1366	14
1367	10
1368	6
1369	10
1370	16
1371	11
1372	12
1373	8
1374	12
1375	11
1376	6
1377	8
1378	12
1379	10
1380	9
1381	11
1382	13
1383	8
1384	11
1385	10
1386	18
1387	8
1388	14
1389	15
1390	13
1391	14
1392	9
1393	15
1394	9
1395	6
1396	11
1397	15
1398	9
1399	14
1400	12
1401	10
1402	10
1403	14
1404	9
1405	12
1406	9
1407	9
1408	10
1409	11
1410	11
1411	9
1412	14
1413	9
1414	11
1415	11
1416	9
1417	6
1418	10
1419	15
1420	12
1421	14
1422	5
1423	14
1424	9
1425	17
1426	16
1427	12
1428	9
1429	7
1430	11
1431	14
1432	10
1433	10
1434	9
1435	8
1436	15
1437	8
1438	10
1439	15
1440	12
1441	11
1442	7
1443	7
1444	8
1445	6
1446	13
1447	14
1448	13
1449	9
1450	8
1451	13
1452	9
1453	9
1454	10
1455	13
1456	9
1457	7
1458	10
1459	11
1460	13
1461	10
1462	11
1463	15
1464	10
1465	8
1466	11
1467	9
1468	10
1469	12
1470	12
1471	8
1472	11
1473	11
1474	14
1475	9
1476	14
1477	2
1478	13
1479	9
1480	13
1481	12
1482	17
1483	11
1484	9
1485	6
1486	7
1487	12
1488	10
1489	7
1490	11
1491	7
1492	5
1493	10
1494	14
1495	8
1496	16
1497	12
1498	14
1499	11
1500	15
1501	7
1502	5
1503	14
1504	9
1505	8
1506	11
1507	13
1508	14
1509	8
1510	13
1511	9
1512	12
1513	11
1514	11
1515	15
1516	14
1517	13
1518	10
1519	19
1520	15
1521	15
1522	8
1523	13
1524	12
1525	13
1526	13
1527	15
1528	9
1529	13
1530	16
1531	12
1532	12
1533	13
1534	8
1535	11
1536	8
1537	6
1538	17
1539	15
1540	15
1541	17
1542	12
1543	12
1544	7
1545	9
1546	7
1547	11
1548	12
1549	8
1550	8
1551	10
1552	14
1553	13
1554	11
1555	4
1556	13
1557	8
1558	13
1559	15
1560	13
1561	13
1562	11
1563	9
1564	13
1565	12
1566	5
1567	11
1568	4
1569	16
1570	7
1571	18
1572	13
1573	12
1574	8
1575	11
1576	10
1577	12
1578	11
1579	9
1580	8
1581	13
1582	8
1583	15
1584	14
1585	13
1586	11
1587	14
1588	9
1589	6
1590	10
1591	6
1592	15
1593	15
1594	9
1595	13
1596	7
1597	7
1598	7
1599	11
1600	10
1601	17
1602	17
1603	13
1604	6
1605	4
1606	11
1607	3
1608	6
1609	12
1610	6
1611	11
1612	9
1613	16
1614	12
1615	12
1616	9
1617	7
1618	6
1619	9
1620	5
1621	12
1622	10
1623	8
1624	8
1625	8
1626	16
1627	16
1628	11
1629	12
1630	10
1631	11
1632	12
1633	12
1634	9
1635	12
1636	13
1637	10
1638	9
1639	12
1640	16
1641	7
1642	7
1643	10
1644	9
1645	9
1646	13
1647	11
1648	7
1649	9
1650	8
1651	15
1652	14
1653	14
1654	14
1655	7
1656	9
1657	13
1658	14
1659	8
1660	10
1661	7
1662	12
1663	6
1664	12
1665	11
1666	4
1667	11
1668	12
1669	14
1670	8
1671	8
1672	10
1673	10
1674	7
1675	12
1676	12
1677	6
1678	6
1679	8
1680	16
1681	12
1682	12
1683	15
1684	11
1685	9
1686	10
1687	12
1688	16
1689	12
1690	10
1691	11
1692	12
1693	9
1694	10
1695	14
1696	11
1697	11
1698	12
1699	11
1700	8
1701	9
1702	11
1703	10
1704	14
1705	12
1706	10
1707	12
1708	9
1709	7
1710	12
1711	10
1712	13
1713	15
1714	15
1715	15
1716	13
1717	14
1718	7
1719	8
1720	8
1721	5
1722	10
1723	12
1724	11
1725	11
1726	8
1727	10
1728	9
1729	14
1730	13
1731	8
1732	15
1733	9
1734	11
1735	8
1736	12
1737	6
1738	9
1739	7
1740	6
1741	6
1742	7
1743	13
1744	9
1745	9
1746	15
1747	9
1748	17
1749	14
1750	21
1751	10
1752	10
1753	14
1754	10
1755	10
1756	11
1757	12
1758	8
1759	10
1760	10
1761	10
1762	10
1763	12
1764	8
1765	12
1766	11
1767	15
1768	10
1769	15
1770	12
1771	8
1772	9
1773	9
1774	10
1775	9
1776	12
1777	13
1778	11
1779	9
1780	7
1781	10
1782	9
1783	11
1784	10
1785	9
1786	10
1787	6
1788	7
1789	12
1790	8
1791	17
1792	10
1793	8
1794	11
1795	15
1796	10
1797	15
1798	6
1799	8
1800	18
1801	8
1802	12
1803	9
1804	9
1805	10
1806	6
1807	6
1808	13
1809	10
